state,collection_date,Inpatient Beds Occupied Estimated,Count LL,Count UL,Percentage of Inpatient Beds Occupied Estimated,Percentage LL,Percentage UL,Total Inpatient Beds,Total LL,Total UL
CW,2020-11-18,"528,156","527,696","528,616",73.84,73.69,73.99,"715,410","714,852","715,968"
CW,2020-11-19,"525,066","524,536","525,597",73.58,73.28,73.88,"713,732","712,579","714,885"
CW,2020-11-20,"520,457","519,990","520,925",73.52,73.35,73.70,"708,033","707,426","708,640"
CW,2020-11-21,"504,271","503,777","504,765",71.50,71.31,71.69,"705,452","704,808","706,095"
CW,2020-11-22,"490,537","490,039","491,034",69.86,69.69,70.04,"702,286","701,744","702,827"
CW,2020-11-23,"496,446","495,997","496,896",70.54,70.38,70.70,"703,885","703,337","704,432"
CW,2020-11-24,"512,357","512,036","512,678",72.77,72.69,72.85,"704,194","703,795","704,592"
CW,2020-11-25,"511,408","510,935","511,880",72.52,72.34,72.70,"705,327","704,723","705,932"
CW,2020-11-26,"483,056","482,725","483,387",68.83,68.74,68.93,"701,899","701,482","702,317"
CW,2020-11-27,"469,439","469,101","469,777",67.30,67.19,67.41,"697,671","697,233","698,110"
CW,2020-11-28,"472,462","471,929","472,995",67.77,67.56,67.98,"697,284","696,669","697,898"
CW,2020-11-29,"477,531","477,118","477,943",68.47,68.30,68.64,"697,605","697,001","698,210"
CW,2020-11-30,"492,308","491,856","492,760",70.31,70.11,70.50,"700,343","699,793","700,892"
CW,2020-12-01,"520,030","519,709","520,351",73.64,73.50,73.78,"706,302","705,826","706,777"
CW,2020-12-02,"531,192","530,816","531,568",75.04,74.88,75.20,"707,949","707,455","708,444"
CW,2020-12-03,"532,614","532,361","532,868",75.09,74.99,75.20,"709,269","708,907","709,631"
CW,2020-12-04,"529,346","529,098","529,593",74.67,74.57,74.76,"708,942","708,610","709,274"
CW,2020-12-05,"512,700","512,376","513,025",72.76,72.62,72.90,"704,640","704,208","705,072"
CW,2020-12-06,"499,451","499,189","499,712",71.28,71.17,71.39,"700,712","700,351","701,072"
CW,2020-12-07,"505,226","505,049","505,403",72.06,71.97,72.16,"701,102","700,709","701,495"
CW,2020-12-08,"526,622","526,368","526,876",74.67,74.57,74.78,"705,250","704,884","705,617"
CW,2020-12-09,"534,812","534,389","535,235",75.71,75.54,75.88,"706,369","705,902","706,836"
CW,2020-12-10,"534,621","534,323","534,918",75.54,75.43,75.66,"707,698","707,370","708,027"
CW,2020-12-11,"529,999","529,666","530,333",74.96,74.83,75.08,"707,383","707,040","707,726"
CW,2020-12-12,"514,050","513,594","514,507",72.96,72.77,73.14,"704,912","704,449","705,374"
CW,2020-12-13,"501,423","500,942","501,904",71.55,71.38,71.72,"701,099","700,673","701,526"
CW,2020-12-14,"506,535","506,051","507,018",72.06,71.89,72.24,"703,220","702,784","703,656"
CW,2020-12-15,"527,484","527,095","527,873",74.55,74.40,74.70,"707,828","707,362","708,295"
CW,2020-12-16,"533,316","532,818","533,813",75.15,74.96,75.35,"709,951","709,409","710,493"
CW,2020-12-17,"532,298","531,800","532,796",74.73,74.52,74.95,"712,555","711,913","713,196"
CW,2020-12-18,"526,083","523,915","528,251",74.49,73.51,75.47,"706,535","703,778","709,292"
AL,2020-11-18,"10,907","10,907","10,907",77.16,77.16,77.16,"14,136","14,136","14,136"
AZ,2020-11-18,"10,288","10,288","10,288",75.63,75.63,75.63,"13,603","13,603","13,603"
CT,2020-11-18,"6,072","6,072","6,072",74.19,74.19,74.19,"8,184","8,184","8,184"
DC,2020-11-18,"2,449","2,449","2,449",83.53,83.53,83.53,"2,932","2,932","2,932"
GA,2020-11-18,"15,217","15,217","15,217",80.00,80.00,80.00,"19,022","19,022","19,022"
ID,2020-11-18,"1,970","1,970","1,970",60.24,60.24,60.24,"3,270","3,270","3,270"
IN,2020-11-18,"11,326","11,326","11,326",68.87,68.87,68.87,"16,445","16,445","16,445"
KS,2020-11-18,"4,788","4,785","4,791",62.76,62.51,63.01,"7,629","7,618","7,640"
LA,2020-11-18,"8,864","8,864","8,864",69.06,69.06,69.06,"12,836","12,836","12,836"
MD,2020-11-18,"8,110","8,022","8,198",83.63,83.63,83.63,"9,698","9,698","9,698"
MI,2020-11-18,"17,422","17,388","17,456",80.30,79.83,80.76,"21,697","21,660","21,734"
AL,2020-11-19,"11,018","11,008","11,027",77.83,77.64,78.03,"14,155","14,145","14,165"
AZ,2020-11-19,"10,161","10,161","10,161",74.54,74.54,74.54,"13,632","13,632","13,632"
CT,2020-11-19,"6,005","6,005","6,005",73.23,73.23,73.23,"8,200","8,200","8,200"
DC,2020-11-19,"2,438","2,438","2,438",82.98,82.98,82.98,"2,938","2,938","2,938"
GA,2020-11-19,"15,058","15,030","15,087",79.67,79.16,80.17,"18,902","18,862","18,942"
ID,2020-11-19,"1,933","1,933","1,933",62.03,62.03,62.03,"3,116","3,116","3,116"
IN,2020-11-19,"11,371","11,371","11,371",69.13,69.13,69.13,"16,448","16,448","16,448"
KS,2020-11-19,"4,782","4,779","4,785",62.87,62.63,63.11,"7,606","7,596","7,616"
LA,2020-11-19,"8,892","8,892","8,892",69.12,69.12,69.12,"12,864","12,864","12,864"
MD,2020-11-19,"7,976","7,976","7,976",82.87,82.87,82.87,"9,625","9,625","9,625"
MI,2020-11-19,"17,161","17,159","17,162",79.22,79.11,79.33,"21,662","21,649","21,675"
AL,2020-11-20,"10,805","10,803","10,807",76.30,76.24,76.36,"14,161","14,157","14,165"
AZ,2020-11-20,"10,300","10,299","10,302",74.98,74.98,74.98,"13,737","13,737","13,737"
CT,2020-11-20,"5,988","5,988","5,988",73.09,73.09,73.09,"8,193","8,193","8,193"
DC,2020-11-20,"2,422","2,422","2,422",82.44,82.44,82.44,"2,938","2,938","2,938"
GA,2020-11-20,"14,906","14,890","14,922",78.91,78.60,79.22,"18,890","18,864","18,916"
ID,2020-11-20,"1,900","1,900","1,900",60.78,60.78,60.78,"3,126","3,126","3,126"
IN,2020-11-20,"11,271","11,271","11,271",68.50,68.50,68.50,"16,453","16,453","16,453"
KS,2020-11-20,"4,673","4,670","4,676",62.01,61.79,62.23,"7,536","7,526","7,546"
LA,2020-11-20,"8,767","8,767","8,767",69.03,69.03,69.03,"12,700","12,700","12,700"
MD,2020-11-20,"7,943","7,943","7,943",82.06,82.06,82.06,"9,679","9,679","9,679"
MI,2020-11-20,"17,300","17,298","17,303",80.00,79.51,80.48,"21,626","21,568","21,684"
AL,2020-11-21,"10,189","10,179","10,199",72.07,71.82,72.32,"14,137","14,122","14,152"
AZ,2020-11-21,"10,037","10,005","10,070",73.64,72.77,74.51,"13,630","13,576","13,683"
CT,2020-11-21,"5,878","5,878","5,878",71.80,71.80,71.80,"8,187","8,187","8,187"
DC,2020-11-21,"2,345","2,345","2,345",80.31,80.31,80.31,"2,920","2,920","2,920"
GA,2020-11-21,"14,480","14,462","14,498",76.68,76.38,76.98,"18,884","18,863","18,905"
ID,2020-11-21,"1,821","1,821","1,821",58.31,58.31,58.31,"3,123","3,123","3,123"
IN,2020-11-21,"10,898","10,898","10,898",66.39,66.39,66.39,"16,416","16,416","16,416"
KS,2020-11-21,"4,507","4,503","4,511",60.45,60.23,60.67,"7,456","7,447","7,465"
LA,2020-11-21,"8,436","8,436","8,436",66.62,66.62,66.62,"12,662","12,662","12,662"
MD,2020-11-21,"7,730","7,730","7,730",81.57,81.57,81.57,"9,477","9,477","9,477"
MI,2020-11-21,"16,897","16,841","16,954",78.14,77.20,79.09,"21,623","21,534","21,713"
AL,2020-11-22,"10,080","10,060","10,099",71.44,70.99,71.89,"14,108","14,082","14,135"
AZ,2020-11-22,"9,697","9,664","9,729",71.71,70.84,72.59,"13,521","13,468","13,575"
CT,2020-11-22,"5,849","5,849","5,849",71.50,71.50,71.50,"8,180","8,180","8,180"
DC,2020-11-22,"2,297","2,297","2,297",79.76,79.76,79.76,"2,880","2,880","2,880"
GA,2020-11-22,"14,176","14,153","14,198",75.29,74.92,75.65,"18,829","18,803","18,855"
ID,2020-11-22,"1,737","1,737","1,737",56.07,56.07,56.07,"3,098","3,098","3,098"
IN,2020-11-22,"10,732","10,686","10,777",65.35,64.45,66.24,"16,422","16,365","16,479"
KS,2020-11-22,"4,406","4,404","4,408",59.20,59.04,59.35,"7,443","7,436","7,450"
LA,2020-11-22,"8,358","8,351","8,366",66.25,66.25,66.25,"12,617","12,617","12,617"
MD,2020-11-22,"7,581","7,581","7,581",80.32,80.32,80.32,"9,438","9,438","9,438"
MI,2020-11-22,"16,250","16,211","16,288",75.47,74.88,76.05,"21,532","21,480","21,583"
AL,2020-11-23,"10,236","10,225","10,247",72.55,72.24,72.85,"14,110","14,090","14,130"
AZ,2020-11-23,"9,697","9,684","9,710",71.86,71.56,72.15,"13,495","13,480","13,510"
CT,2020-11-23,"5,764","5,764","5,764",70.54,70.54,70.54,"8,171","8,171","8,171"
DC,2020-11-23,"2,297","2,297","2,297",78.58,78.58,78.58,"2,923","2,923","2,923"
GA,2020-11-23,"14,348","14,338","14,357",76.34,76.12,76.56,"18,794","18,773","18,815"
ID,2020-11-23,"1,798","1,797","1,799",58.30,57.39,59.21,"3,084","3,066","3,102"
IN,2020-11-23,"10,656","10,656","10,656",64.90,64.90,64.90,"16,420","16,420","16,420"
KS,2020-11-23,"4,420","4,407","4,433",59.18,58.59,59.77,"7,469","7,450","7,488"
LA,2020-11-23,"8,424","8,420","8,429",66.41,66.41,66.41,"12,686","12,686","12,686"
MD,2020-11-23,"7,698","7,698","7,698",80.27,80.27,80.27,"9,590","9,590","9,590"
MI,2020-11-23,"16,576","16,575","16,577",77.12,77.12,77.12,"21,493","21,493","21,493"
AL,2020-11-24,"10,530","10,458","10,603",74.36,72.76,75.95,"14,162","14,074","14,250"
AZ,2020-11-24,"10,116","10,116","10,116",74.09,74.09,74.09,"13,654","13,654","13,654"
CT,2020-11-24,"6,053","6,053","6,053",74.03,74.03,74.03,"8,176","8,176","8,176"
DC,2020-11-24,"2,321","2,321","2,321",79.73,79.73,79.73,"2,911","2,911","2,911"
GA,2020-11-24,"14,651","14,651","14,651",77.63,77.63,77.63,"18,872","18,872","18,872"
ID,2020-11-24,"1,882","1,882","1,882",60.77,60.77,60.77,"3,097","3,097","3,097"
IN,2020-11-24,"11,176","11,176","11,176",67.98,67.98,67.98,"16,441","16,441","16,441"
KS,2020-11-24,"4,602","4,598","4,606",61.39,61.21,61.58,"7,496","7,490","7,502"
LA,2020-11-24,"8,506","8,506","8,506",67.11,67.11,67.11,"12,675","12,675","12,675"
MD,2020-11-24,"7,975","7,890","8,060",82.47,79.87,85.06,"9,670","9,578","9,763"
MI,2020-11-24,"17,228","17,226","17,229",79.54,79.43,79.65,"21,658","21,645","21,671"
AL,2020-11-25,"10,471","10,471","10,471",73.88,73.88,73.88,"14,173","14,173","14,173"
AZ,2020-11-25,"10,227","10,227","10,227",74.66,74.66,74.66,"13,698","13,698","13,698"
CT,2020-11-25,"6,050","6,050","6,050",73.73,73.73,73.73,"8,206","8,206","8,206"
DC,2020-11-25,"2,353","2,353","2,353",79.93,79.93,79.93,"2,944","2,944","2,944"
GA,2020-11-25,"14,720","14,719","14,721",77.83,77.83,77.83,"18,913","18,913","18,913"
ID,2020-11-25,"1,837","1,836","1,838",59.18,58.27,60.10,"3,104","3,086","3,122"
IN,2020-11-25,"11,206","11,205","11,208",68.29,68.29,68.29,"16,411","16,411","16,411"
KS,2020-11-25,"4,460","4,455","4,465",59.53,59.24,59.82,"7,492","7,481","7,503"
LA,2020-11-25,"8,524","8,523","8,525",67.23,67.23,67.23,"12,678","12,678","12,678"
MD,2020-11-25,"8,006","8,006","8,006",82.91,82.91,82.91,"9,656","9,656","9,656"
MI,2020-11-25,"17,053","17,018","17,088",78.78,78.27,79.28,"21,648","21,605","21,691"
AL,2020-11-26,"9,680","9,670","9,691",68.51,68.27,68.74,"14,131","14,117","14,145"
AZ,2020-11-26,"9,677","9,667","9,687",70.95,70.63,71.27,"13,639","13,617","13,661"
CT,2020-11-26,"5,684","5,684","5,684",69.53,69.53,69.53,"8,175","8,175","8,175"
DC,2020-11-26,"2,192","2,192","2,192",76.16,76.16,76.16,"2,878","2,878","2,878"
GA,2020-11-26,"13,713","13,694","13,731",72.86,72.56,73.16,"18,821","18,800","18,842"
ID,2020-11-26,"1,748","1,747","1,749",56.41,56.04,56.77,"3,099","3,092","3,106"
IN,2020-11-26,"10,553","10,553","10,553",64.44,64.44,64.44,"16,376","16,376","16,376"
KS,2020-11-26,"4,276","4,274","4,278",57.15,57.08,57.22,"7,482","7,480","7,484"
LA,2020-11-26,"8,036","8,032","8,039",64.09,64.09,64.09,"12,538","12,538","12,538"
MD,2020-11-26,"7,653","7,653","7,653",79.74,79.74,79.74,"9,598","9,598","9,598"
MI,2020-11-26,"16,069","15,981","16,156",74.61,73.31,75.91,"21,537","21,425","21,649"
AL,2020-11-27,"9,379","9,363","9,394",67.01,66.51,67.51,"13,996","13,960","14,032"
AZ,2020-11-27,"8,737","8,727","8,747",65.07,65.07,65.07,"13,428","13,428","13,428"
CT,2020-11-27,"5,652","5,652","5,652",69.14,69.14,69.14,"8,175","8,175","8,175"
DC,2020-11-27,"2,179","2,179","2,179",77.13,77.13,77.13,"2,825","2,825","2,825"
GA,2020-11-27,"13,376","13,353","13,398",71.19,70.82,71.56,"18,789","18,763","18,815"
ID,2020-11-27,"1,715","1,714","1,716",55.30,55.30,55.30,"3,101","3,101","3,101"
IN,2020-11-27,"10,248","10,245","10,251",62.53,62.53,62.53,"16,390","16,390","16,390"
KS,2020-11-27,"4,181","4,181","4,181",56.39,56.39,56.39,"7,414","7,414","7,414"
LA,2020-11-27,"7,955","7,951","7,958",63.57,63.57,63.57,"12,513","12,513","12,513"
MD,2020-11-27,"7,509","7,509","7,509",79.40,79.40,79.40,"9,457","9,457","9,457"
MI,2020-11-27,"15,639","15,636","15,641",73.46,73.38,73.55,"21,288","21,278","21,297"
AL,2020-11-28,"9,414","9,406","9,421",67.27,66.97,67.56,"13,994","13,971","14,017"
AZ,2020-11-28,"9,384","9,375","9,394",70.14,69.93,70.34,"13,380","13,371","13,389"
CT,2020-11-28,"5,706","5,706","5,706",69.88,69.88,69.88,"8,165","8,165","8,165"
DC,2020-11-28,"2,196","2,196","2,196",78.04,78.04,78.04,"2,814","2,814","2,814"
GA,2020-11-28,"13,596","13,572","13,621",72.28,71.86,72.71,"18,810","18,778","18,842"
ID,2020-11-28,"1,699","1,699","1,699",55.02,55.02,55.02,"3,088","3,088","3,088"
IN,2020-11-28,"10,258","10,258","10,258",62.56,62.56,62.56,"16,398","16,398","16,398"
KS,2020-11-28,"4,262","4,262","4,262",57.53,57.53,57.53,"7,408","7,408","7,408"
LA,2020-11-28,"7,935","7,928","7,942",63.52,63.52,63.52,"12,493","12,493","12,493"
MD,2020-11-28,"7,529","7,529","7,529",78.79,78.79,78.79,"9,556","9,556","9,556"
MI,2020-11-28,"15,691","15,676","15,705",74.95,74.37,75.53,"20,935","20,868","21,003"
AL,2020-11-29,"9,520","9,514","9,526",67.99,67.76,68.22,"14,003","13,985","14,021"
AZ,2020-11-29,"9,467","9,454","9,480",70.85,70.85,70.85,"13,363","13,363","13,363"
CT,2020-11-29,"5,704","5,704","5,704",69.76,69.76,69.76,"8,177","8,177","8,177"
DC,2020-11-29,"2,191","2,191","2,191",77.75,77.75,77.75,"2,818","2,818","2,818"
GA,2020-11-29,"13,892","13,874","13,911",73.89,73.59,74.19,"18,801","18,780","18,822"
ID,2020-11-29,"1,696","1,694","1,697",55.21,55.21,55.21,"3,071","3,071","3,071"
IN,2020-11-29,"10,425","10,425","10,425",63.52,63.52,63.52,"16,411","16,411","16,411"
KS,2020-11-29,"4,277","4,274","4,280",57.81,57.66,57.96,"7,398","7,393","7,403"
LA,2020-11-29,"8,035","8,024","8,045",64.22,64.22,64.22,"12,511","12,511","12,511"
MD,2020-11-29,"7,581","7,581","7,581",78.81,78.81,78.81,"9,619","9,619","9,619"
MI,2020-11-29,"15,543","15,457","15,629",73.80,72.57,75.02,"21,062","20,967","21,158"
AL,2020-11-30,"10,131","10,126","10,136",72.15,71.93,72.37,"14,042","14,025","14,059"
AZ,2020-11-30,"9,558","9,551","9,564",71.56,71.56,71.56,"13,356","13,356","13,356"
CT,2020-11-30,"5,851","5,851","5,851",71.62,71.62,71.62,"8,169","8,169","8,169"
DC,2020-11-30,"2,247","2,247","2,247",78.79,78.79,78.79,"2,852","2,852","2,852"
GA,2020-11-30,"14,412","14,400","14,424",76.62,76.44,76.80,"18,810","18,798","18,822"
ID,2020-11-30,"1,801","1,801","1,801",58.32,58.32,58.32,"3,088","3,088","3,088"
IN,2020-11-30,"10,682","10,537","10,826",65.08,65.08,65.08,"16,413","16,413","16,413"
KS,2020-11-30,"4,352","4,349","4,355",58.62,58.48,58.77,"7,424","7,419","7,429"
LA,2020-11-30,"8,138","8,132","8,144",65.16,65.16,65.16,"12,489","12,489","12,489"
MD,2020-11-30,"7,728","7,728","7,728",80.10,80.10,80.10,"9,648","9,648","9,648"
MI,2020-11-30,"16,342","16,340","16,344",76.04,76.04,76.04,"21,491","21,491","21,491"
AL,2020-12-01,"10,720","10,717","10,722",76.00,75.84,76.16,"14,105","14,093","14,117"
AZ,2020-12-01,"10,236","10,232","10,240",74.97,74.83,75.10,"13,654","13,645","13,663"
CT,2020-12-01,"6,189","6,189","6,189",75.37,75.37,75.37,"8,212","8,212","8,212"
DC,2020-12-01,"2,336","2,336","2,336",81.45,81.45,81.45,"2,868","2,868","2,868"
GA,2020-12-01,"15,436","15,430","15,441",81.63,81.63,81.63,"18,910","18,910","18,910"
ID,2020-12-01,"1,864","1,863","1,866",60.16,59.91,60.42,"3,099","3,095","3,103"
IN,2020-12-01,"11,447","11,447","11,447",69.38,69.38,69.38,"16,500","16,500","16,500"
KS,2020-12-01,"4,733","4,731","4,735",61.18,61.18,61.18,"7,736","7,736","7,736"
LA,2020-12-01,"8,733","8,733","8,733",69.13,69.13,69.13,"12,633","12,633","12,633"
MD,2020-12-01,"7,988","7,988","7,988",81.14,81.14,81.14,"9,845","9,845","9,845"
MI,2020-12-01,"17,098","17,026","17,170",79.10,78.00,80.21,"21,615","21,517","21,713"
AL,2020-12-02,"11,036","11,036","11,036",77.89,77.89,77.89,"14,168","14,168","14,168"
AZ,2020-12-02,"10,618","10,613","10,624",76.93,76.75,77.10,"13,803","13,791","13,815"
CT,2020-12-02,"6,301","6,301","6,301",77.19,77.19,77.19,"8,163","8,163","8,163"
DC,2020-12-02,"2,411","2,411","2,411",82.40,82.40,82.40,"2,926","2,926","2,926"
GA,2020-12-02,"15,738","15,738","15,738",83.11,83.11,83.11,"18,937","18,937","18,937"
ID,2020-12-02,"1,906","1,904","1,907",61.17,60.76,61.58,"3,115","3,107","3,123"
IN,2020-12-02,"11,615","11,614","11,616",70.36,70.36,70.36,"16,509","16,509","16,509"
KS,2020-12-02,"4,764","4,763","4,766",63.73,63.73,63.73,"7,476","7,476","7,476"
LA,2020-12-02,"8,836","8,836","8,836",69.91,69.91,69.91,"12,640","12,640","12,640"
MD,2020-12-02,"8,054","8,054","8,054",83.11,83.11,83.11,"9,691","9,691","9,691"
MI,2020-12-02,"17,454","17,454","17,454",80.85,80.85,80.85,"21,588","21,588","21,588"
AL,2020-12-03,"11,071","11,071","11,071",78.57,78.57,78.57,"14,090","14,090","14,090"
AZ,2020-12-03,"10,653","10,647","10,660",77.46,77.25,77.66,"13,754","13,740","13,768"
CT,2020-12-03,"6,333","6,333","6,333",77.57,77.57,77.57,"8,164","8,164","8,164"
DC,2020-12-03,"2,459","2,459","2,459",82.93,82.93,82.93,"2,965","2,965","2,965"
GA,2020-12-03,"15,812","15,799","15,826",83.18,83.00,83.37,"19,009","18,998","19,020"
ID,2020-12-03,"1,876","1,876","1,876",60.21,60.21,60.21,"3,116","3,116","3,116"
IN,2020-12-03,"11,595","11,595","11,595",70.48,70.48,70.48,"16,452","16,452","16,452"
KS,2020-12-03,"4,916","4,916","4,916",62.20,62.20,62.20,"7,903","7,903","7,903"
LA,2020-12-03,"8,896","8,891","8,901",70.21,70.21,70.21,"12,671","12,671","12,671"
MD,2020-12-03,"8,139","8,139","8,139",84.06,84.06,84.06,"9,682","9,682","9,682"
MI,2020-12-03,"17,222","17,158","17,287",79.51,78.50,80.51,"21,662","21,571","21,753"
AL,2020-12-04,"10,888","10,886","10,890",77.02,76.96,77.08,"14,137","14,133","14,141"
AZ,2020-12-04,"10,688","10,688","10,688",77.61,77.61,77.61,"13,771","13,771","13,771"
CT,2020-12-04,"6,266","6,266","6,266",76.95,76.95,76.95,"8,143","8,143","8,143"
DC,2020-12-04,"2,449","2,449","2,449",83.16,83.16,83.16,"2,945","2,945","2,945"
GA,2020-12-04,"15,674","15,674","15,674",82.56,82.56,82.56,"18,984","18,984","18,984"
ID,2020-12-04,"1,864","1,863","1,864",59.73,59.73,59.73,"3,120","3,120","3,120"
IN,2020-12-04,"11,427","11,427","11,427",69.19,69.19,69.19,"16,515","16,515","16,515"
KS,2020-12-04,"4,815","4,813","4,817",60.94,60.94,60.94,"7,901","7,901","7,901"
LA,2020-12-04,"8,894","8,894","8,894",70.18,70.18,70.18,"12,674","12,674","12,674"
MD,2020-12-04,"8,161","8,161","8,161",84.25,84.25,84.25,"9,687","9,687","9,687"
MI,2020-12-04,"17,332","17,330","17,333",80.03,79.92,80.14,"21,657","21,644","21,670"
AL,2020-12-05,"10,553","10,447","10,659",74.80,72.43,77.17,"14,108","13,976","14,241"
AZ,2020-12-05,"10,425","10,425","10,425",75.76,75.76,75.76,"13,761","13,761","13,761"
CT,2020-12-05,"6,025","6,025","6,025",73.99,73.99,73.99,"8,143","8,143","8,143"
DC,2020-12-05,"2,374","2,374","2,374",81.41,81.41,81.41,"2,916","2,916","2,916"
GA,2020-12-05,"15,316","15,248","15,385",80.66,79.85,81.47,"18,988","18,977","18,999"
ID,2020-12-05,"1,794","1,793","1,795",57.63,57.27,57.99,"3,113","3,106","3,120"
IN,2020-12-05,"11,178","11,178","11,178",67.73,67.73,67.73,"16,504","16,504","16,504"
KS,2020-12-05,"4,602","4,602","4,602",58.74,58.74,58.74,"7,835","7,835","7,835"
LA,2020-12-05,"8,619","8,619","8,619",68.58,68.58,68.58,"12,568","12,568","12,568"
MD,2020-12-05,"7,894","7,894","7,894",81.52,81.52,81.52,"9,683","9,683","9,683"
MI,2020-12-05,"16,800","16,799","16,801",77.67,77.60,77.74,"21,630","21,621","21,639"
AL,2020-12-06,"10,369","10,312","10,426",73.33,72.06,74.60,"14,140","14,069","14,211"
AZ,2020-12-06,"10,117","10,106","10,128",74.46,74.19,74.74,"13,587","13,572","13,602"
CT,2020-12-06,"5,779","5,779","5,779",71.08,71.08,71.08,"8,130","8,130","8,130"
DC,2020-12-06,"2,330","2,330","2,330",81.38,81.38,81.38,"2,863","2,863","2,863"
GA,2020-12-06,"14,907","14,898","14,916",78.80,78.62,78.97,"18,918","18,904","18,932"
ID,2020-12-06,"1,724","1,724","1,724",55.54,55.54,55.54,"3,104","3,104","3,104"
IN,2020-12-06,"10,969","10,969","10,969",66.54,66.54,66.54,"16,486","16,486","16,486"
KS,2020-12-06,"4,481","4,478","4,484",57.69,57.55,57.83,"7,768","7,763","7,773"
LA,2020-12-06,"8,419","8,409","8,430",67.06,66.84,67.27,"12,555","12,549","12,561"
MD,2020-12-06,"7,715","7,635","7,795",80.05,77.42,82.67,"9,638","9,538","9,738"
MI,2020-12-06,"16,170","16,090","16,250",75.69,74.56,76.82,"21,363","21,274","21,452"
AL,2020-12-07,"10,496","10,495","10,496",74.11,73.99,74.22,"14,163","14,154","14,172"
AZ,2020-12-07,"10,058","10,053","10,064",74.13,73.98,74.29,"13,568","13,559","13,577"
CT,2020-12-07,"5,808","5,808","5,808",71.49,71.49,71.49,"8,124","8,124","8,124"
DC,2020-12-07,"2,318","2,318","2,318",80.15,80.15,80.15,"2,892","2,892","2,892"
GA,2020-12-07,"15,053","15,052","15,054",79.79,79.79,79.79,"18,866","18,866","18,866"
ID,2020-12-07,"1,761","1,761","1,761",56.95,56.95,56.95,"3,092","3,092","3,092"
IN,2020-12-07,"10,912","10,875","10,950",67.23,67.23,67.23,"16,231","16,231","16,231"
KS,2020-12-07,"4,488","4,484","4,492",57.63,57.46,57.81,"7,788","7,783","7,793"
LA,2020-12-07,"8,554","8,550","8,557",68.06,68.06,68.06,"12,567","12,567","12,567"
MD,2020-12-07,"7,861","7,759","7,963",80.87,77.52,84.21,"9,721","9,592","9,850"
MI,2020-12-07,"16,110","16,110","16,110",75.19,75.19,75.19,"21,426","21,426","21,426"
AL,2020-12-08,"10,957","10,957","10,957",77.60,77.60,77.60,"14,120","14,120","14,120"
AZ,2020-12-08,"10,680","10,680","10,680",77.02,77.02,77.02,"13,867","13,867","13,867"
CT,2020-12-08,"6,145","6,145","6,145",75.63,75.63,75.63,"8,125","8,125","8,125"
DC,2020-12-08,"2,373","2,373","2,373",81.60,81.60,81.60,"2,908","2,908","2,908"
GA,2020-12-08,"15,577","15,577","15,577",82.20,82.20,82.20,"18,950","18,950","18,950"
ID,2020-12-08,"1,827","1,827","1,827",58.69,58.69,58.69,"3,113","3,113","3,113"
IN,2020-12-08,"11,507","11,507","11,507",69.86,69.86,69.86,"16,472","16,472","16,472"
KS,2020-12-08,"4,655","4,655","4,655",59.47,59.47,59.47,"7,828","7,828","7,828"
LA,2020-12-08,"8,976","8,975","8,976",71.17,71.17,71.17,"12,612","12,612","12,612"
MD,2020-12-08,"8,095","7,980","8,210",82.96,79.22,86.70,"9,758","9,613","9,903"
MI,2020-12-08,"16,815","16,815","16,815",78.35,78.35,78.35,"21,461","21,461","21,461"
AL,2020-12-09,"11,131","11,120","11,142",78.70,78.31,79.10,"14,143","14,115","14,171"
AZ,2020-12-09,"10,788","10,788","10,788",78.04,78.04,78.04,"13,824","13,824","13,824"
CT,2020-12-09,"6,187","6,187","6,187",76.10,76.10,76.10,"8,130","8,130","8,130"
DC,2020-12-09,"2,467","2,467","2,467",84.34,84.34,84.34,"2,925","2,925","2,925"
GA,2020-12-09,"15,984","15,970","15,998",83.80,83.54,84.07,"19,073","19,051","19,095"
ID,2020-12-09,"1,836","1,836","1,836",58.77,58.77,58.77,"3,124","3,124","3,124"
IN,2020-12-09,"11,620","11,620","11,620",70.48,70.48,70.48,"16,487","16,487","16,487"
KS,2020-12-09,"4,929","4,929","4,929",62.83,62.83,62.83,"7,845","7,845","7,845"
LA,2020-12-09,"9,157","9,157","9,157",72.22,72.22,72.22,"12,679","12,679","12,679"
MD,2020-12-09,"8,137","8,015","8,259",83.50,79.52,87.48,"9,745","9,591","9,899"
MI,2020-12-09,"17,262","17,262","17,262",79.45,79.45,79.45,"21,726","21,726","21,726"
AL,2020-12-10,"11,087","11,087","11,087",78.28,78.28,78.28,"14,163","14,163","14,163"
AZ,2020-12-10,"11,014","11,014","11,014",78.77,78.77,78.77,"13,983","13,983","13,983"
CT,2020-12-10,"6,238","6,238","6,238",76.59,76.59,76.59,"8,145","8,145","8,145"
DC,2020-12-10,"2,503","2,503","2,503",84.70,84.70,84.70,"2,955","2,955","2,955"
GA,2020-12-10,"15,859","15,854","15,864",83.60,83.51,83.69,"18,970","18,963","18,977"
ID,2020-12-10,"1,839","1,839","1,839",59.07,59.07,59.07,"3,113","3,113","3,113"
IN,2020-12-10,"11,556","11,556","11,556",70.13,70.13,70.13,"16,479","16,479","16,479"
KS,2020-12-10,"4,936","4,936","4,936",62.84,62.84,62.84,"7,855","7,855","7,855"
LA,2020-12-10,"9,203","9,203","9,203",72.68,72.68,72.68,"12,663","12,663","12,663"
MD,2020-12-10,"8,233","8,106","8,360",84.34,80.20,88.47,"9,762","9,602","9,922"
MI,2020-12-10,"16,170","16,170","16,170",77.88,77.88,77.88,"20,763","20,763","20,763"
AL,2020-12-11,"10,996","10,946","11,046",78.01,76.84,79.17,"14,096","14,028","14,164"
AZ,2020-12-11,"10,995","10,995","10,995",78.30,78.30,78.30,"14,043","14,043","14,043"
CT,2020-12-11,"6,261","6,261","6,261",76.92,76.92,76.92,"8,140","8,140","8,140"
DC,2020-12-11,"2,480","2,480","2,480",84.99,84.99,84.99,"2,918","2,918","2,918"
GA,2020-12-11,"15,695","15,674","15,716",82.63,82.24,83.01,"18,995","18,963","19,027"
ID,2020-12-11,"1,864","1,864","1,864",60.03,60.03,60.03,"3,105","3,105","3,105"
IN,2020-12-11,"11,360","11,360","11,360",69.30,69.30,69.30,"16,393","16,393","16,393"
KS,2020-12-11,"4,866","4,866","4,866",61.88,61.88,61.88,"7,864","7,864","7,864"
LA,2020-12-11,"9,108","9,104","9,111",72.11,72.11,72.11,"12,630","12,630","12,630"
MD,2020-12-11,"8,151","8,022","8,280",83.84,79.62,88.06,"9,722","9,559","9,885"
MI,2020-12-11,"16,058","16,056","16,060",77.84,77.72,77.95,"20,630","20,617","20,643"
AL,2020-12-12,"10,570","10,540","10,599",75.20,74.41,75.99,"14,055","14,005","14,105"
AZ,2020-12-12,"10,810","10,810","10,810",77.49,77.49,77.49,"13,950","13,950","13,950"
CT,2020-12-12,"6,072","6,072","6,072",74.59,74.59,74.59,"8,141","8,141","8,141"
DC,2020-12-12,"2,400","2,400","2,400",82.33,82.33,82.33,"2,915","2,915","2,915"
GA,2020-12-12,"15,364","15,364","15,364",80.80,80.80,80.80,"19,016","19,016","19,016"
ID,2020-12-12,"1,819","1,819","1,819",58.56,58.56,58.56,"3,106","3,106","3,106"
IN,2020-12-12,"11,268","11,268","11,268",68.52,68.52,68.52,"16,445","16,445","16,445"
KS,2020-12-12,"4,725","4,725","4,725",60.55,60.55,60.55,"7,804","7,804","7,804"
LA,2020-12-12,"8,799","8,799","8,799",69.63,69.63,69.63,"12,636","12,636","12,636"
MD,2020-12-12,"7,966","7,832","8,100",81.24,76.90,85.57,"9,806","9,638","9,974"
MI,2020-12-12,"15,462","15,275","15,649",75.30,73.19,77.41,"20,534","20,513","20,555"
AL,2020-12-13,"10,350","10,195","10,506",73.96,70.29,77.63,"13,995","13,783","14,207"
AZ,2020-12-13,"10,460","10,448","10,473",75.48,75.17,75.79,"13,859","13,841","13,877"
CT,2020-12-13,"5,945","5,945","5,945",73.12,73.12,73.12,"8,131","8,131","8,131"
DC,2020-12-13,"2,430","2,430","2,430",84.23,84.23,84.23,"2,885","2,885","2,885"
GA,2020-12-13,"15,041","15,041","15,041",79.53,79.53,79.53,"18,912","18,912","18,912"
ID,2020-12-13,"1,724","1,724","1,724",55.52,55.52,55.52,"3,105","3,105","3,105"
IN,2020-12-13,"10,920","10,920","10,920",66.50,66.50,66.50,"16,422","16,422","16,422"
KS,2020-12-13,"4,582","4,582","4,582",58.75,58.75,58.75,"7,799","7,799","7,799"
LA,2020-12-13,"8,544","8,540","8,547",67.74,67.74,67.74,"12,613","12,613","12,613"
MD,2020-12-13,"7,744","7,595","7,894",81.34,79.42,83.27,"9,521","9,333","9,709"
MI,2020-12-13,"15,240","15,240","15,240",74.49,74.49,74.49,"20,460","20,460","20,460"
AL,2020-12-14,"10,616","10,603","10,629",75.70,75.26,76.14,"14,023","13,992","14,054"
AZ,2020-12-14,"10,386","10,376","10,396",75.18,74.89,75.48,"13,814","13,795","13,833"
CT,2020-12-14,"5,774","5,774","5,774",71.04,71.04,71.04,"8,128","8,128","8,128"
DC,2020-12-14,"2,331","2,331","2,331",80.55,80.55,80.55,"2,894","2,894","2,894"
GA,2020-12-14,"15,427","15,427","15,427",81.62,81.62,81.62,"18,900","18,900","18,900"
ID,2020-12-14,"1,797","1,797","1,797",57.86,57.86,57.86,"3,106","3,106","3,106"
IN,2020-12-14,"10,768","10,760","10,776",66.40,66.40,66.40,"16,217","16,217","16,217"
KS,2020-12-14,"4,467","4,465","4,469",57.27,57.27,57.27,"7,800","7,800","7,800"
LA,2020-12-14,"8,662","8,662","8,662",67.58,67.58,67.58,"12,818","12,818","12,818"
MD,2020-12-14,"7,809","7,666","7,952",82.85,82.85,82.85,"9,426","9,247","9,605"
MI,2020-12-14,"15,326","15,326","15,326",75.11,75.11,75.11,"20,405","20,405","20,405"
AL,2020-12-15,"11,001","11,001","11,001",78.05,78.05,78.05,"14,095","14,095","14,095"
AZ,2020-12-15,"10,839","10,833","10,845",77.82,77.66,77.99,"13,928","13,918","13,938"
CT,2020-12-15,"6,024","6,024","6,024",75.28,75.28,75.28,"8,002","8,002","8,002"
DC,2020-12-15,"2,386","2,386","2,386",81.27,81.27,81.27,"2,936","2,936","2,936"
GA,2020-12-15,"15,802","15,780","15,824",83.41,83.41,83.41,"18,944","18,944","18,944"
ID,2020-12-15,"1,862","1,862","1,862",59.83,59.83,59.83,"3,112","3,112","3,112"
IN,2020-12-15,"11,556","11,556","11,556",70.21,70.21,70.21,"16,459","16,459","16,459"
KS,2020-12-15,"4,757","4,757","4,757",60.65,60.65,60.65,"7,843","7,843","7,843"
LA,2020-12-15,"8,993","8,993","8,993",69.79,69.79,69.79,"12,886","12,886","12,886"
MD,2020-12-15,"7,959","7,814","8,104",83.08,83.08,83.08,"9,580","9,398","9,762"
MI,2020-12-15,"15,846","15,761","15,932",77.13,75.87,78.39,"20,546","20,449","20,643"
AL,2020-12-16,"11,052","11,052","11,052",78.51,78.51,78.51,"14,077","14,077","14,077"
AZ,2020-12-16,"10,975","10,968","10,982",78.38,78.19,78.56,"14,003","13,991","14,015"
CT,2020-12-16,"6,082","6,082","6,082",75.92,75.92,75.92,"8,011","8,011","8,011"
DC,2020-12-16,"2,421","2,421","2,421",82.46,82.46,82.46,"2,936","2,936","2,936"
GA,2020-12-16,"16,044","16,044","16,044",84.46,84.46,84.46,"18,997","18,997","18,997"
ID,2020-12-16,"1,906","1,906","1,906",60.78,60.78,60.78,"3,136","3,136","3,136"
IN,2020-12-16,"11,673","11,673","11,673",70.93,70.93,70.93,"16,458","16,458","16,458"
KS,2020-12-16,"4,802","4,799","4,805",61.15,60.90,61.39,"7,853","7,842","7,864"
LA,2020-12-16,"9,217","9,217","9,217",71.23,71.23,71.23,"12,940","12,940","12,940"
MD,2020-12-16,"7,953","7,808","8,098",83.71,83.71,83.71,"9,501","9,319","9,683"
MI,2020-12-16,"16,025","16,025","16,025",77.17,77.17,77.17,"20,767","20,767","20,767"
AL,2020-12-17,"11,021","10,777","11,265",78.20,72.70,83.70,"14,093","13,786","14,400"
AZ,2020-12-17,"11,153","11,137","11,169",79.14,78.78,79.51,"14,092","14,071","14,113"
CT,2020-12-17,"6,038","6,038","6,038",75.35,75.35,75.35,"8,013","8,013","8,013"
DC,2020-12-17,"2,418","2,418","2,418",82.50,82.50,82.50,"2,931","2,931","2,931"
GA,2020-12-17,"15,998","15,998","15,998",84.22,84.22,84.22,"18,995","18,995","18,995"
ID,2020-12-17,"1,874","1,874","1,874",59.78,59.78,59.78,"3,135","3,135","3,135"
IN,2020-12-17,"11,346","11,346","11,346",69.09,69.09,69.09,"16,422","16,422","16,422"
KS,2020-12-17,"4,881","4,875","4,887",62.15,61.77,62.54,"7,853","7,836","7,870"
LA,2020-12-17,"9,112","9,109","9,114",71.02,71.02,71.02,"12,830","12,830","12,830"
MD,2020-12-17,"7,852","7,707","7,997",82.63,82.63,82.63,"9,503","9,321","9,685"
MI,2020-12-17,"15,799","15,799","15,799",76.51,76.51,76.51,"20,649","20,649","20,649"
AL,2020-12-18,"10,801","9,919","11,683",79.13,59.04,99.22,"13,650","12,584","14,716"
AZ,2020-12-18,"11,120","11,098","11,142",78.51,77.98,79.04,"14,164","14,132","14,196"
CT,2020-12-18,"6,118","6,118","6,118",76.34,76.34,76.34,"8,014","8,014","8,014"
DC,2020-12-18,"2,174","2,174","2,174",80.16,80.16,80.16,"2,712","2,712","2,712"
GA,2020-12-18,"15,886","15,886","15,886",83.84,83.84,83.84,"18,948","18,948","18,948"
ID,2020-12-18,"1,895","1,724","2,066",60.82,38.96,82.67,"3,116","2,783","3,449"
IN,2020-12-18,"11,244","11,244","11,244",68.38,68.38,68.38,"16,444","16,444","16,444"
KS,2020-12-18,"5,293","5,222","5,364",63.14,60.00,66.28,"8,383","8,262","8,504"
LA,2020-12-18,"8,993","8,993","8,993",70.34,70.34,70.34,"12,785","12,785","12,785"
MD,2020-12-18,"7,726","7,581","7,871",81.40,81.40,81.40,"9,491","9,309","9,673"
MI,2020-12-18,"15,556","15,542","15,570",75.62,75.37,75.88,"20,570","20,547","20,593"
AK,2020-11-18,932,932,932,65.27,65.27,65.27,"1,428","1,428","1,428"
AR,2020-11-18,"5,503","5,503","5,503",65.82,65.82,65.82,"8,361","8,361","8,361"
CA,2020-11-18,"46,556","46,503","46,609",73.91,73.90,73.92,"63,066","63,027","63,105"
CO,2020-11-18,"6,936","6,936","6,936",68.51,68.51,68.51,"10,124","10,124","10,124"
DE,2020-11-18,"1,864","1,864","1,864",73.94,73.94,73.94,"2,521","2,521","2,521"
FL,2020-11-18,"40,861","40,815","40,907",79.16,78.80,79.52,"51,620","51,533","51,707"
HI,2020-11-18,"1,657","1,652","1,662",66.07,66.07,66.07,"2,508","2,487","2,529"
IA,2020-11-18,"5,335","5,335","5,335",67.34,67.34,67.34,"7,923","7,923","7,923"
IL,2020-11-18,"20,772","20,682","20,862",69.80,68.73,70.86,"29,760","29,621","29,899"
KY,2020-11-18,"8,522","8,522","8,522",71.92,71.92,71.92,"11,850","11,850","11,850"
MA,2020-11-18,"11,980","11,980","11,980",68.75,68.75,68.75,"17,426","17,426","17,426"
ME,2020-11-18,"1,994","1,994","1,994",70.94,70.94,70.94,"2,811","2,811","2,811"
MN,2020-11-18,"8,120","8,109","8,131",76.34,76.34,76.34,"10,637","10,626","10,648"
MO,2020-11-18,"11,555","11,555","11,555",66.16,66.16,66.16,"17,464","17,464","17,464"
MS,2020-11-18,"5,431","5,428","5,434",66.97,66.97,66.97,"8,110","8,102","8,118"
MT,2020-11-18,"1,969","1,969","1,969",70.55,70.55,70.55,"2,791","2,791","2,791"
ND,2020-11-18,"1,619","1,619","1,619",81.11,81.11,81.11,"1,996","1,996","1,996"
NH,2020-11-18,"1,969","1,969","1,969",70.05,70.05,70.05,"2,811","2,811","2,811"
NJ,2020-11-18,"14,780","14,780","14,780",76.36,76.36,76.36,"19,356","19,356","19,356"
NV,2020-11-18,"5,882","5,882","5,882",80.06,80.06,80.06,"7,347","7,347","7,347"
NY,2020-11-18,"34,906","34,906","34,906",73.92,73.92,73.92,"47,224","47,224","47,224"
OK,2020-11-18,"7,139","7,130","7,148",70.15,69.79,70.50,"10,177","10,156","10,198"
PA,2020-11-18,"24,796","24,793","24,799",77.02,76.79,77.25,"32,195","32,153","32,237"
SC,2020-11-18,"8,015","8,015","8,015",82.53,82.53,82.53,"9,712","9,712","9,712"
TN,2020-11-18,"12,633","12,633","12,633",76.52,76.52,76.52,"16,510","16,510","16,510"
UT,2020-11-18,"3,139","3,139","3,139",60.08,60.08,60.08,"5,225","5,225","5,225"
VA,2020-11-18,"11,913","11,913","11,913",69.54,69.54,69.54,"17,132","17,132","17,132"
AK,2020-11-19,911,909,913,63.66,63.66,63.66,"1,431","1,431","1,431"
AR,2020-11-19,"5,503","5,503","5,503",65.87,65.87,65.87,"8,354","8,354","8,354"
CA,2020-11-19,"46,572","46,510","46,635",73.98,73.80,74.15,"63,034","62,976","63,092"
CO,2020-11-19,"6,979","6,969","6,989",69.48,69.48,69.48,"10,044","10,044","10,044"
DE,2020-11-19,"1,789","1,789","1,789",70.80,70.80,70.80,"2,527","2,527","2,527"
FL,2020-11-19,"40,505","40,461","40,549",78.96,78.60,79.32,"51,300","51,212","51,388"
HI,2020-11-19,"1,718","1,705","1,731",68.11,66.04,70.18,"2,522","2,497","2,547"
IA,2020-11-19,"5,305","5,305","5,305",66.83,66.83,66.83,"7,938","7,938","7,938"
IL,2020-11-19,"20,853","20,765","20,941",70.31,69.27,71.35,"29,659","29,524","29,794"
KY,2020-11-19,"8,596","8,596","8,596",72.54,72.54,72.54,"11,850","11,850","11,850"
MA,2020-11-19,"12,260","12,260","12,260",70.26,70.26,70.26,"17,449","17,449","17,449"
ME,2020-11-19,"2,009","2,007","2,011",71.44,71.44,71.44,"2,812","2,812","2,812"
MN,2020-11-19,"8,103","8,092","8,114",76.04,76.04,76.04,"10,656","10,645","10,667"
MO,2020-11-19,"11,489","11,489","11,489",66.00,66.00,66.00,"17,407","17,407","17,407"
MS,2020-11-19,"5,393","5,387","5,399",66.62,66.23,67.01,"8,095","8,076","8,114"
MT,2020-11-19,"1,980","1,980","1,980",69.64,69.64,69.64,"2,843","2,843","2,843"
ND,2020-11-19,"1,574","1,573","1,575",79.41,79.09,79.74,"1,982","1,978","1,986"
NH,2020-11-19,"1,909","1,909","1,909",68.92,68.92,68.92,"2,770","2,770","2,770"
NJ,2020-11-19,"14,729","14,729","14,729",75.82,75.82,75.82,"19,425","19,425","19,425"
NV,2020-11-19,"5,832","5,823","5,841",79.22,78.86,79.57,"7,362","7,353","7,371"
NY,2020-11-19,"34,444","34,377","34,512",73.30,72.78,73.83,"46,988","46,876","47,100"
OK,2020-11-19,"7,001","6,998","7,004",69.07,68.95,69.20,"10,136","10,123","10,149"
PA,2020-11-19,"24,573","24,296","24,850",76.36,73.78,78.94,"32,181","31,874","32,488"
SC,2020-11-19,"7,850","7,850","7,850",81.31,81.31,81.31,"9,654","9,654","9,654"
TN,2020-11-19,"12,534","12,534","12,534",76.07,76.07,76.07,"16,477","16,477","16,477"
UT,2020-11-19,"3,170","3,170","3,170",60.67,60.67,60.67,"5,225","5,225","5,225"
VA,2020-11-19,"11,838","11,838","11,838",69.27,69.27,69.27,"17,090","17,090","17,090"
AK,2020-11-20,890,890,890,62.24,62.24,62.24,"1,430","1,430","1,430"
AR,2020-11-20,"5,425","5,425","5,425",72.40,72.40,72.40,"7,493","7,485","7,501"
CA,2020-11-20,"46,255","45,999","46,511",73.72,72.44,74.99,"62,825","62,506","63,144"
CO,2020-11-20,"6,958","6,951","6,965",69.68,69.32,70.04,"9,985","9,966","10,004"
DE,2020-11-20,"1,802","1,802","1,802",71.11,71.11,71.11,"2,534","2,534","2,534"
FL,2020-11-20,"40,044","39,999","40,089",78.43,78.06,78.80,"51,057","50,968","51,146"
HI,2020-11-20,"1,728","1,716","1,740",68.20,66.26,70.15,"2,533","2,509","2,557"
IA,2020-11-20,"5,276","5,276","5,276",66.52,66.52,66.52,"7,932","7,932","7,932"
IL,2020-11-20,"20,768","20,683","20,853",70.81,69.79,71.82,"29,330","29,200","29,460"
KY,2020-11-20,"8,570","8,565","8,575",72.21,72.21,72.21,"11,867","11,867","11,867"
MA,2020-11-20,"11,918","11,918","11,918",68.22,68.22,68.22,"17,469","17,469","17,469"
ME,2020-11-20,"1,966","1,966","1,966",69.27,69.27,69.27,"2,838","2,838","2,838"
MN,2020-11-20,"7,908","7,897","7,919",76.17,76.17,76.17,"10,382","10,371","10,393"
MO,2020-11-20,"11,464","11,464","11,464",78.83,78.83,78.83,"14,542","14,542","14,542"
MS,2020-11-20,"5,254","5,251","5,257",65.36,65.36,65.36,"8,039","8,031","8,047"
MT,2020-11-20,"1,924","1,924","1,925",67.20,67.05,67.34,"2,864","2,862","2,866"
ND,2020-11-20,"1,592","1,591","1,593",79.56,79.11,80.01,"2,001","1,996","2,006"
NH,2020-11-20,"1,937","1,937","1,937",69.93,69.93,69.93,"2,770","2,770","2,770"
NJ,2020-11-20,"14,556","14,556","14,556",75.13,75.13,75.13,"19,375","19,375","19,375"
NV,2020-11-20,"5,640","5,640","5,640",76.72,76.72,76.72,"7,351","7,351","7,351"
NY,2020-11-20,"34,114","34,114","34,114",73.17,73.17,73.17,"46,624","46,624","46,624"
OK,2020-11-20,"6,860","6,849","6,871",73.30,72.83,73.76,"9,359","9,336","9,382"
PA,2020-11-20,"24,172","24,156","24,188",75.31,75.14,75.48,"32,096","32,072","32,120"
SC,2020-11-20,"7,646","7,646","7,646",79.08,79.08,79.08,"9,669","9,669","9,669"
TN,2020-11-20,"12,329","12,329","12,329",74.89,74.89,74.89,"16,463","16,463","16,463"
UT,2020-11-20,"3,249","3,248","3,250",62.19,62.19,62.19,"5,224","5,224","5,224"
VA,2020-11-20,"11,607","11,594","11,620",67.96,67.73,68.19,"17,079","17,064","17,094"
AK,2020-11-21,884,884,884,61.71,61.71,61.71,"1,432","1,432","1,433"
AR,2020-11-21,"5,126","5,112","5,140",69.10,68.54,69.66,"7,418","7,404","7,432"
CA,2020-11-21,"45,184","45,093","45,275",72.69,72.39,73.00,"62,234","62,177","62,291"
CO,2020-11-21,"6,816","6,815","6,817",67.49,67.35,67.63,"10,099","10,091","10,107"
DE,2020-11-21,"1,782","1,782","1,782",70.35,70.35,70.35,"2,533","2,533","2,533"
FL,2020-11-21,"38,709","38,667","38,751",75.72,75.37,76.07,"51,122","51,035","51,209"
HI,2020-11-21,"1,742","1,728","1,757",69.03,66.85,71.21,"2,524","2,499","2,549"
IA,2020-11-21,"5,029","5,029","5,029",62.91,62.91,62.91,"7,994","7,994","7,994"
IL,2020-11-21,"20,078","19,941","20,215",68.67,67.18,70.15,"29,240","29,070","29,410"
KY,2020-11-21,"8,302","8,297","8,307",69.97,69.97,69.97,"11,866","11,866","11,866"
MA,2020-11-21,"11,604","11,579","11,630",66.45,65.96,66.94,"17,463","17,428","17,498"
ME,2020-11-21,"1,899","1,899","1,899",67.29,67.29,67.29,"2,822","2,822","2,822"
MN,2020-11-21,"7,688","7,674","7,703",74.21,73.79,74.62,"10,361","10,337","10,385"
MO,2020-11-21,"11,018","11,018","11,018",76.23,76.23,76.23,"14,454","14,454","14,454"
MS,2020-11-21,"5,003","4,990","5,016",62.81,62.19,63.44,"7,965","7,940","7,990"
MT,2020-11-21,"1,870","1,856","1,884",65.61,63.98,67.25,"2,850","2,831","2,869"
ND,2020-11-21,"1,534","1,520","1,547",77.33,75.32,79.34,"1,983","1,969","1,997"
NH,2020-11-21,"1,851","1,851","1,851",66.82,66.82,66.82,"2,770","2,770","2,770"
NJ,2020-11-21,"14,022","14,022","14,022",72.69,72.69,72.69,"19,289","19,289","19,289"
NV,2020-11-21,"5,747","5,747","5,747",77.84,77.84,77.84,"7,383","7,383","7,383"
NY,2020-11-21,"33,017","32,908","33,125",70.76,70.04,71.49,"46,657","46,527","46,787"
OK,2020-11-21,"6,562","6,549","6,575",70.99,70.34,71.65,"9,243","9,210","9,276"
PA,2020-11-21,"23,319","23,314","23,324",73.06,72.87,73.26,"31,916","31,879","31,953"
SC,2020-11-21,"7,330","7,330","7,330",75.78,75.78,75.78,"9,673","9,673","9,673"
TN,2020-11-21,"11,891","11,891","11,891",72.48,72.48,72.48,"16,407","16,407","16,407"
UT,2020-11-21,"3,061","3,061","3,061",58.61,58.61,58.61,"5,223","5,223","5,223"
VA,2020-11-21,"11,021","11,008","11,034",64.59,64.36,64.82,"17,063","17,048","17,078"
AK,2020-11-22,863,863,863,60.01,60.01,60.01,"1,438","1,438","1,438"
AR,2020-11-22,"4,885","4,870","4,900",65.92,65.33,66.52,"7,410","7,395","7,425"
CA,2020-11-22,"43,592","43,507","43,676",70.71,70.35,71.08,"61,722","61,622","61,822"
CO,2020-11-22,"6,486","6,486","6,486",64.15,64.15,64.15,"10,111","10,111","10,111"
DE,2020-11-22,"1,729","1,729","1,729",68.94,68.94,68.94,"2,508","2,508","2,508"
FL,2020-11-22,"37,745","37,706","37,784",73.88,73.55,74.22,"51,087","51,003","51,171"
HI,2020-11-22,"1,681","1,668","1,694",66.93,65.00,68.86,"2,512","2,490","2,534"
IA,2020-11-22,"4,875","4,875","4,875",61.09,61.09,61.09,"7,980","7,980","7,980"
IL,2020-11-22,"19,667","19,535","19,799",67.22,65.80,68.65,"29,255","29,093","29,417"
KY,2020-11-22,"7,972","7,972","7,972",67.18,67.18,67.18,"11,867","11,867","11,867"
MA,2020-11-22,"11,238","11,238","11,238",64.33,64.33,64.33,"17,468","17,468","17,468"
ME,2020-11-22,"1,827","1,827","1,827",64.35,64.35,64.35,"2,839","2,839","2,839"
MN,2020-11-22,"7,448","7,437","7,459",72.81,72.81,72.81,"10,230","10,219","10,241"
MO,2020-11-22,"10,743","10,743","10,743",76.05,76.05,76.05,"14,126","14,126","14,126"
MS,2020-11-22,"4,896","4,883","4,909",61.51,60.86,62.16,"7,960","7,934","7,986"
MT,2020-11-22,"1,792","1,785","1,799",62.94,62.06,63.83,"2,847","2,836","2,858"
ND,2020-11-22,"1,487","1,487","1,487",75.18,75.18,75.18,"1,978","1,978","1,978"
NH,2020-11-22,"1,751","1,751","1,751",63.21,63.21,63.21,"2,770","2,770","2,770"
NJ,2020-11-22,"13,828","13,828","13,828",71.97,71.97,71.97,"19,213","19,213","19,213"
NV,2020-11-22,"5,705","5,705","5,705",77.32,77.32,77.32,"7,378","7,378","7,378"
NY,2020-11-22,"32,386","32,275","32,498",69.79,69.03,70.54,"46,408","46,274","46,543"
OK,2020-11-22,"6,410","6,390","6,430",69.85,69.27,70.43,"9,177","9,158","9,196"
PA,2020-11-22,"22,698","22,692","22,704",71.25,71.06,71.45,"31,856","31,819","31,893"
SC,2020-11-22,"7,200","7,200","7,200",74.55,74.55,74.55,"9,658","9,658","9,658"
TN,2020-11-22,"11,743","11,743","11,743",71.63,71.63,71.63,"16,393","16,393","16,393"
UT,2020-11-22,"2,818","2,818","2,818",53.94,53.94,53.94,"5,224","5,224","5,224"
VA,2020-11-22,"10,586","10,586","10,586",62.05,62.05,62.05,"17,061","17,061","17,061"
AK,2020-11-23,850,850,850,59.11,59.11,59.11,"1,438","1,438","1,438"
AR,2020-11-23,"4,926","4,914","4,938",66.94,66.94,66.94,"7,358","7,358","7,358"
CA,2020-11-23,"43,466","43,407","43,526",70.37,70.19,70.54,"61,848","61,790","61,906"
CO,2020-11-23,"6,480","6,471","6,490",64.23,64.23,64.23,"10,089","10,089","10,089"
DE,2020-11-23,"1,743","1,743","1,743",69.80,69.80,69.80,"2,497","2,497","2,497"
FL,2020-11-23,"38,315","38,280","38,350",74.97,74.66,75.28,"51,109","51,031","51,187"
HI,2020-11-23,"1,697","1,693","1,701",67.61,66.60,68.61,"2,510","2,496","2,524"
IA,2020-11-23,"4,939","4,939","4,939",61.92,61.92,61.92,"7,977","7,977","7,977"
IL,2020-11-23,"19,758","19,703","19,813",67.49,66.83,68.15,"29,274","29,189","29,359"
KY,2020-11-23,"8,151","8,151","8,151",68.68,68.68,68.68,"11,868","11,868","11,868"
MA,2020-11-23,"11,268","11,268","11,268",64.51,64.51,64.51,"17,468","17,468","17,468"
ME,2020-11-23,"1,843","1,843","1,843",65.12,65.12,65.12,"2,830","2,830","2,830"
MN,2020-11-23,"7,442","7,431","7,453",73.08,73.08,73.08,"10,184","10,173","10,195"
MO,2020-11-23,"10,732","10,732","10,732",75.84,75.84,75.84,"14,150","14,150","14,150"
MS,2020-11-23,"4,970","4,964","4,977",62.03,61.65,62.41,"8,013","7,994","8,032"
MT,2020-11-23,"1,800","1,800","1,800",63.09,63.09,63.09,"2,853","2,853","2,853"
ND,2020-11-23,"1,498","1,497","1,499",74.31,74.31,74.31,"2,016","2,016","2,016"
NH,2020-11-23,"1,755","1,755","1,755",63.36,63.36,63.36,"2,770","2,770","2,770"
NJ,2020-11-23,"14,100","14,100","14,100",72.95,72.95,72.95,"19,329","19,329","19,329"
NV,2020-11-23,"5,775","5,775","5,775",78.49,78.49,78.49,"7,358","7,358","7,358"
NY,2020-11-23,"33,093","33,077","33,109",71.04,70.91,71.17,"46,582","46,555","46,610"
OK,2020-11-23,"6,394","6,379","6,408",68.98,68.61,69.35,"9,269","9,257","9,281"
PA,2020-11-23,"23,222","23,220","23,225",72.83,72.83,72.83,"31,884","31,876","31,892"
SC,2020-11-23,"7,333","7,333","7,333",75.64,75.64,75.64,"9,695","9,695","9,695"
TN,2020-11-23,"12,108","12,108","12,108",73.70,73.70,73.70,"16,429","16,429","16,429"
UT,2020-11-23,"2,812","2,807","2,816",53.82,53.82,53.82,"5,224","5,224","5,224"
VA,2020-11-23,"11,046","11,046","11,046",64.60,64.60,64.60,"17,100","17,100","17,100"
AK,2020-11-24,916,916,916,63.74,63.74,63.74,"1,437","1,437","1,437"
AR,2020-11-24,"5,255","5,255","5,255",70.61,70.61,70.61,"7,442","7,442","7,442"
CA,2020-11-24,"45,189","45,142","45,236",72.50,72.50,72.50,"62,403","62,366","62,440"
CO,2020-11-24,"6,767","6,767","6,767",66.70,66.70,66.70,"10,146","10,146","10,146"
DE,2020-11-24,"1,833","1,833","1,833",72.59,72.59,72.59,"2,525","2,525","2,525"
FL,2020-11-24,"39,728","39,642","39,813",77.43,76.86,78.00,"51,305","51,181","51,429"
HI,2020-11-24,"1,716","1,707","1,726",68.22,66.96,69.49,"2,516","2,502","2,530"
IA,2020-11-24,"5,131","5,131","5,131",64.23,64.23,64.23,"7,988","7,977","7,999"
IL,2020-11-24,"20,362","20,354","20,370",69.44,69.31,69.56,"29,325","29,306","29,344"
KY,2020-11-24,"8,504","8,504","8,504",71.65,71.65,71.65,"11,868","11,868","11,868"
MA,2020-11-24,"11,562","11,562","11,562",66.19,66.19,66.19,"17,469","17,469","17,469"
ME,2020-11-24,"1,920","1,920","1,920",67.37,67.37,67.37,"2,850","2,850","2,850"
MN,2020-11-24,"7,696","7,686","7,707",74.67,74.67,74.67,"10,308","10,297","10,319"
MO,2020-11-24,"11,147","11,147","11,147",77.29,77.29,77.29,"14,422","14,422","14,422"
MS,2020-11-24,"5,145","5,142","5,148",63.76,63.76,63.76,"8,069","8,061","8,077"
MT,2020-11-24,"1,883","1,883","1,883",65.75,65.75,65.75,"2,864","2,864","2,864"
ND,2020-11-24,"1,536","1,533","1,539",75.63,75.13,76.13,"2,031","2,027","2,035"
NH,2020-11-24,"1,867","1,867","1,867",67.40,67.40,67.40,"2,770","2,770","2,770"
NJ,2020-11-24,"14,638","14,638","14,638",75.49,75.49,75.49,"19,391","19,391","19,391"
NV,2020-11-24,"5,874","5,839","5,909",79.95,78.33,81.57,"7,347","7,296","7,398"
NY,2020-11-24,"33,904","33,904","33,904",72.89,72.89,72.89,"46,517","46,517","46,517"
OK,2020-11-24,"6,763","6,761","6,765",72.56,72.35,72.76,"9,321","9,305","9,337"
PA,2020-11-24,"24,295","24,294","24,296",75.92,75.88,75.96,"31,999","31,992","32,006"
SC,2020-11-24,"7,650","7,650","7,650",78.57,78.57,78.57,"9,736","9,736","9,736"
TN,2020-11-24,"12,421","12,421","12,421",75.39,75.39,75.39,"16,475","16,475","16,475"
UT,2020-11-24,"2,980","2,979","2,982",57.06,57.06,57.06,"5,223","5,223","5,223"
VA,2020-11-24,"11,612","11,612","11,612",68.09,68.09,68.09,"17,053","17,053","17,053"
AK,2020-11-25,921,921,921,63.91,63.91,63.91,"1,441","1,441","1,441"
AR,2020-11-25,"5,260","5,258","5,262",70.87,70.76,70.98,"7,422","7,418","7,426"
CA,2020-11-25,"45,436","45,311","45,561",72.92,72.36,73.47,"62,390","62,258","62,522"
CO,2020-11-25,"6,792","6,791","6,794",66.84,66.77,66.90,"10,163","10,159","10,167"
DE,2020-11-25,"1,787","1,787","1,787",70.77,70.77,70.77,"2,525","2,525","2,525"
FL,2020-11-25,"39,230","39,156","39,304",76.45,75.99,76.90,"51,316","51,223","51,409"
HI,2020-11-25,"1,667","1,658","1,676",66.36,65.20,67.52,"2,512","2,501","2,523"
IA,2020-11-25,"5,117","5,116","5,118",64.16,63.94,64.38,"7,975","7,964","7,986"
IL,2020-11-25,"20,218","20,075","20,362",68.96,67.45,70.46,"29,321","29,156","29,486"
KY,2020-11-25,"8,529","8,529","8,529",71.88,71.88,71.88,"11,865","11,865","11,865"
MA,2020-11-25,"11,662","11,662","11,663",66.75,66.75,66.75,"17,471","17,471","17,471"
ME,2020-11-25,"1,894","1,894","1,894",66.57,66.57,66.57,"2,845","2,845","2,845"
MN,2020-11-25,"7,569","7,558","7,580",75.82,75.82,75.82,"9,983","9,972","9,994"
MO,2020-11-25,"11,237","11,237","11,237",78.57,78.57,78.57,"14,302","14,302","14,302"
MS,2020-11-25,"5,143","5,137","5,149",63.91,63.52,64.30,"8,047","8,028","8,066"
MT,2020-11-25,"1,897","1,886","1,908",66.28,64.91,67.65,"2,862","2,845","2,879"
ND,2020-11-25,"1,546","1,545","1,547",76.16,75.73,76.59,"2,030","2,025","2,035"
NH,2020-11-25,"1,891","1,891","1,891",68.22,68.22,68.22,"2,772","2,772","2,772"
NJ,2020-11-25,"14,681","14,681","14,681",75.68,75.68,75.68,"19,399","19,399","19,399"
NV,2020-11-25,"5,790","5,779","5,801",78.53,78.53,78.53,"7,373","7,373","7,373"
NY,2020-11-25,"33,532","33,499","33,566",71.16,70.92,71.40,"47,121","47,073","47,169"
OK,2020-11-25,"6,748","6,739","6,756",72.58,72.09,73.08,"9,296","9,271","9,321"
PA,2020-11-25,"24,127","24,119","24,135",75.64,75.55,75.73,"31,898","31,885","31,911"
SC,2020-11-25,"7,574","7,574","7,574",78.07,78.07,78.07,"9,702","9,702","9,702"
TN,2020-11-25,"12,288","12,288","12,288",74.89,74.89,74.89,"16,409","16,409","16,409"
UT,2020-11-25,"3,038","3,038","3,038",58.19,58.19,58.19,"5,221","5,221","5,221"
VA,2020-11-25,"11,446","11,446","11,446",66.97,66.97,66.97,"17,090","17,090","17,090"
AK,2020-11-26,905,905,905,62.89,62.89,62.89,"1,439","1,439","1,439"
AR,2020-11-26,"4,818","4,812","4,825",66.20,65.92,66.49,"7,278","7,270","7,286"
CA,2020-11-26,"43,902","43,820","43,985",70.69,70.32,71.05,"62,186","62,098","62,274"
CO,2020-11-26,"6,540","6,538","6,541",64.49,64.49,64.49,"10,140","10,140","10,140"
DE,2020-11-26,"1,672","1,672","1,672",66.93,66.93,66.93,"2,498","2,498","2,498"
FL,2020-11-26,"36,517","36,517","36,517",71.75,71.75,71.75,"50,893","50,860","50,926"
HI,2020-11-26,"1,639","1,630","1,648",65.14,64.04,66.25,"2,516","2,505","2,527"
IA,2020-11-26,"4,802","4,802","4,802",60.21,60.21,60.21,"7,976","7,976","7,976"
IL,2020-11-26,"19,225","19,077","19,373",65.69,64.06,67.32,"29,266","29,078","29,454"
KY,2020-11-26,"8,219","8,195","8,243",68.53,68.53,68.53,"11,993","11,993","11,993"
MA,2020-11-26,"11,048","11,022","11,073",63.32,62.83,63.81,"17,448","17,413","17,483"
ME,2020-11-26,"1,831","1,831","1,831",64.18,64.18,64.18,"2,853","2,853","2,853"
MN,2020-11-26,"7,168","7,154","7,182",73.28,72.84,73.71,"9,782","9,758","9,806"
MO,2020-11-26,"10,567","10,567","10,567",74.09,74.09,74.09,"14,262","14,262","14,262"
MS,2020-11-26,"4,736","4,723","4,750",59.69,59.04,60.34,"7,934","7,908","7,961"
MT,2020-11-26,"1,816","1,808","1,824",63.44,62.32,64.56,"2,863","2,847","2,879"
ND,2020-11-26,"1,449","1,441","1,457",74.04,72.72,75.37,"1,957","1,947","1,967"
NH,2020-11-26,"1,830","1,830","1,830",66.04,66.04,66.04,"2,771","2,771","2,771"
NJ,2020-11-26,"13,659","13,659","13,659",70.94,70.94,70.94,"19,255","19,255","19,255"
NV,2020-11-26,"5,627","5,627","5,627",76.25,76.25,76.25,"7,380","7,380","7,380"
NY,2020-11-26,"31,354","31,354","31,354",66.93,66.93,66.93,"46,843","46,843","46,843"
OK,2020-11-26,"6,354","6,351","6,357",68.51,68.29,68.72,"9,275","9,264","9,286"
PA,2020-11-26,"22,872","22,860","22,883",71.65,71.43,71.87,"31,921","31,882","31,960"
SC,2020-11-26,"7,115","7,115","7,115",73.38,73.38,73.38,"9,696","9,696","9,696"
TN,2020-11-26,"11,759","11,759","11,759",71.96,71.96,71.96,"16,342","16,342","16,342"
UT,2020-11-26,"2,764","2,763","2,766",52.97,52.97,52.97,"5,219","5,219","5,219"
VA,2020-11-26,"10,665","10,665","10,665",62.42,62.42,62.42,"17,086","17,086","17,086"
AK,2020-11-27,865,865,865,59.90,59.90,59.90,"1,444","1,444","1,444"
AR,2020-11-27,"4,699","4,691","4,707",65.01,64.65,65.37,"7,228","7,217","7,239"
CA,2020-11-27,"42,548","42,453","42,642",68.93,68.48,69.38,"61,802","61,692","61,912"
CO,2020-11-27,"6,292","6,289","6,295",62.11,62.11,62.11,"10,130","10,130","10,130"
DE,2020-11-27,"1,616","1,616","1,616",65.24,65.24,65.24,"2,477","2,477","2,477"
FL,2020-11-27,"35,457","35,457","35,457",69.72,69.72,69.72,"50,856","50,831","50,881"
HI,2020-11-27,"1,626","1,615","1,637",64.83,63.41,66.26,"2,508","2,494","2,522"
IA,2020-11-27,"4,577","4,577","4,577",57.29,57.29,57.29,"7,989","7,989","7,989"
IL,2020-11-27,"18,804","18,732","18,875",64.29,63.44,65.14,"29,246","29,137","29,355"
KY,2020-11-27,"7,908","7,871","7,945",66.63,66.63,66.63,"11,868","11,868","11,868"
MA,2020-11-27,"10,745","10,745","10,745",61.60,61.60,61.60,"17,442","17,442","17,442"
ME,2020-11-27,"1,746","1,746","1,746",61.24,61.24,61.24,"2,851","2,851","2,851"
MN,2020-11-27,"7,058","7,048","7,068",72.68,72.68,72.68,"9,711","9,701","9,721"
MO,2020-11-27,"10,120","10,120","10,120",71.80,71.80,71.80,"14,094","14,094","14,094"
MS,2020-11-27,"4,543","4,535","4,551",57.45,56.87,58.02,"7,908","7,880","7,936"
MT,2020-11-27,"1,778","1,769","1,787",62.22,61.04,63.41,"2,858","2,842","2,874"
ND,2020-11-27,"1,396","1,396","1,396",72.48,72.48,72.48,"1,926","1,926","1,926"
NH,2020-11-27,"1,720","1,720","1,720",62.09,62.09,62.09,"2,770","2,770","2,770"
NJ,2020-11-27,"13,346","13,346","13,346",69.44,69.44,69.44,"19,220","19,220","19,220"
NV,2020-11-27,"5,491","5,491","5,491",74.48,74.48,74.48,"7,372","7,372","7,372"
NY,2020-11-27,"30,752","30,751","30,754",66.09,66.09,66.10,"46,530","46,528","46,531"
OK,2020-11-27,"6,106","6,102","6,111",66.53,66.28,66.78,"9,179","9,167","9,191"
PA,2020-11-27,"22,519","22,366","22,673",70.69,69.03,72.35,"31,857","31,629","32,085"
SC,2020-11-27,"6,954","6,954","6,954",72.00,72.00,72.00,"9,658","9,658","9,658"
TN,2020-11-27,"11,591","11,591","11,591",70.79,70.79,70.79,"16,373","16,373","16,373"
UT,2020-11-27,"2,626","2,621","2,630",50.31,50.31,50.31,"5,219","5,219","5,219"
VA,2020-11-27,"10,495","10,495","10,495",61.48,61.48,61.48,"17,071","17,071","17,071"
AK,2020-11-28,872,872,872,60.43,60.43,60.43,"1,443","1,443","1,443"
AR,2020-11-28,"4,784","4,779","4,790",65.48,65.48,65.48,"7,307","7,307","7,307"
CA,2020-11-28,"42,920","42,837","43,004",69.78,69.37,70.19,"61,584","61,477","61,691"
CO,2020-11-28,"6,533","6,533","6,533",64.31,64.31,64.31,"10,158","10,158","10,158"
DE,2020-11-28,"1,610","1,610","1,610",65.10,65.10,65.10,"2,473","2,473","2,473"
FL,2020-11-28,"35,944","35,931","35,957",70.85,70.78,70.93,"50,729","50,716","50,742"
HI,2020-11-28,"1,590","1,579","1,601",63.60,62.17,65.03,"2,500","2,486","2,514"
IA,2020-11-28,"4,512","4,512","4,512",56.49,56.49,56.49,"7,988","7,982","7,993"
IL,2020-11-28,"18,833","18,754","18,913",64.36,63.41,65.32,"29,261","29,139","29,383"
KY,2020-11-28,"7,968","7,948","7,988",67.15,67.15,67.15,"11,866","11,866","11,866"
MA,2020-11-28,"10,695","10,695","10,695",61.25,61.25,61.25,"17,461","17,461","17,461"
ME,2020-11-28,"1,775","1,775","1,775",62.54,62.54,62.54,"2,838","2,838","2,838"
MN,2020-11-28,"7,108","7,095","7,121",72.60,72.17,73.04,"9,790","9,766","9,814"
MO,2020-11-28,"9,898","9,898","9,898",70.95,70.95,70.95,"13,951","13,951","13,951"
MS,2020-11-28,"4,543","4,530","4,557",57.62,56.96,58.28,"7,885","7,858","7,912"
MT,2020-11-28,"1,766","1,762","1,770",61.90,61.22,62.58,"2,853","2,842","2,864"
ND,2020-11-28,"1,469","1,469","1,469",75.68,75.68,75.68,"1,941","1,941","1,941"
NH,2020-11-28,"1,733","1,733","1,733",62.56,62.56,62.56,"2,770","2,770","2,770"
NJ,2020-11-28,"13,481","13,481","13,481",70.06,70.06,70.06,"19,241","19,241","19,241"
NV,2020-11-28,"5,526","5,526","5,526",74.99,74.99,74.99,"7,369","7,289","7,449"
NY,2020-11-28,"30,956","30,956","30,956",66.13,66.13,66.13,"46,812","46,812","46,812"
OK,2020-11-28,"6,020","6,016","6,024",65.55,65.30,65.79,"9,184","9,171","9,197"
PA,2020-11-28,"22,766","22,545","22,986",71.37,69.00,73.73,"31,900","31,579","32,221"
SC,2020-11-28,"6,890","6,890","6,890",72.12,72.12,72.12,"9,554","9,554","9,554"
TN,2020-11-28,"11,537","11,537","11,537",70.41,70.41,70.41,"16,385","16,385","16,385"
UT,2020-11-28,"2,565","2,562","2,568",49.15,49.15,49.15,"5,219","5,219","5,219"
VA,2020-11-28,"10,553","10,553","10,553",61.84,61.84,61.84,"17,066","17,066","17,066"
AK,2020-11-29,870,870,870,60.42,60.42,60.42,"1,440","1,440","1,440"
AR,2020-11-29,"4,904","4,900","4,908",67.00,67.00,67.00,"7,319","7,319","7,319"
CA,2020-11-29,"43,259","43,197","43,321",70.25,69.94,70.56,"61,657","61,566","61,748"
CO,2020-11-29,"6,521","6,512","6,530",64.25,64.25,64.25,"10,149","10,149","10,149"
DE,2020-11-29,"1,637","1,637","1,637",66.30,66.30,66.30,"2,469","2,469","2,469"
FL,2020-11-29,"36,803","36,800","36,806",72.23,72.23,72.23,"50,953","50,953","50,953"
HI,2020-11-29,"1,607","1,598","1,616",64.43,63.32,65.55,"2,494","2,483","2,505"
IA,2020-11-29,"4,470","4,467","4,474",56.02,56.02,56.02,"7,980","7,980","7,980"
IL,2020-11-29,"18,877","18,792","18,962",64.50,63.49,65.52,"29,265","29,135","29,395"
KY,2020-11-29,"8,031","8,031","8,031",67.68,67.68,67.68,"11,866","11,866","11,866"
MA,2020-11-29,"10,866","10,866","10,866",62.41,62.41,62.41,"17,411","17,411","17,411"
ME,2020-11-29,"1,778","1,778","1,778",62.50,62.50,62.50,"2,845","2,845","2,845"
MN,2020-11-29,"7,005","6,996","7,014",71.78,71.78,71.78,"9,759","9,749","9,769"
MO,2020-11-29,"9,980","9,980","9,980",72.01,72.01,72.01,"13,860","13,860","13,860"
MS,2020-11-29,"4,592","4,580","4,605",58.26,57.68,58.84,"7,882","7,860","7,904"
MT,2020-11-29,"1,756","1,747","1,765",61.58,60.54,62.62,"2,852","2,840","2,863"
ND,2020-11-29,"1,485","1,451","1,519",75.94,70.60,81.28,"1,956","1,916","1,995"
NH,2020-11-29,"1,773","1,773","1,773",64.01,64.01,64.01,"2,770","2,770","2,770"
NJ,2020-11-29,"13,722","13,722","13,722",71.22,71.22,71.22,"19,266","19,266","19,266"
NV,2020-11-29,"5,600","5,600","5,600",75.88,75.88,75.88,"7,380","7,380","7,380"
NY,2020-11-29,"31,466","31,431","31,500",67.23,66.97,67.49,"46,803","46,748","46,858"
OK,2020-11-29,"6,164","6,160","6,168",67.11,66.86,67.36,"9,185","9,172","9,198"
PA,2020-11-29,"23,146","22,924","23,367",72.39,70.02,74.77,"31,972","31,647","32,297"
SC,2020-11-29,"7,025","7,025","7,025",73.48,73.48,73.48,"9,561","9,561","9,561"
TN,2020-11-29,"11,703","11,703","11,703",71.44,71.44,71.44,"16,382","16,382","16,382"
UT,2020-11-29,"2,624","2,624","2,624",50.26,50.26,50.26,"5,221","5,221","5,221"
VA,2020-11-29,"10,674","10,674","10,674",62.63,62.63,62.63,"17,042","17,042","17,042"
AK,2020-11-30,859,859,859,59.74,59.74,59.74,"1,438","1,438","1,438"
AR,2020-11-30,"5,020","5,020","5,020",68.18,68.18,68.18,"7,363","7,363","7,363"
CA,2020-11-30,"44,008","43,750","44,265",71.34,70.05,72.63,"61,764","61,457","62,071"
CO,2020-11-30,"6,577","6,568","6,586",64.86,64.86,64.86,"10,140","10,140","10,140"
DE,2020-11-30,"1,655","1,655","1,655",66.71,66.71,66.71,"2,481","2,481","2,481"
FL,2020-11-30,"38,177","38,174","38,180",74.48,74.48,74.48,"51,257","51,257","51,257"
HI,2020-11-30,"1,705","1,705","1,705",67.87,67.87,67.87,"2,512","2,512","2,512"
IA,2020-11-30,"4,712","4,711","4,713",59.08,59.08,59.08,"7,975","7,975","7,975"
IL,2020-11-30,"19,325","19,237","19,413",65.93,64.88,66.99,"29,310","29,175","29,445"
KY,2020-11-30,"8,260","8,260","8,260",69.61,69.61,69.61,"11,866","11,866","11,866"
MA,2020-11-30,"11,055","11,055","11,055",63.73,63.73,63.73,"17,346","17,346","17,346"
ME,2020-11-30,"1,835","1,835","1,835",64.30,64.30,64.30,"2,854","2,854","2,854"
MN,2020-11-30,"7,015","7,002","7,028",72.05,71.61,72.49,"9,736","9,712","9,760"
MO,2020-11-30,"10,238","10,238","10,238",72.87,72.87,72.87,"14,050","14,050","14,050"
MS,2020-11-30,"4,894","4,891","4,897",61.35,61.35,61.35,"7,977","7,970","7,984"
MT,2020-11-30,"1,810","1,810","1,810",63.31,63.31,63.31,"2,859","2,859","2,859"
ND,2020-11-30,"1,480","1,480","1,480",74.60,74.60,74.60,"1,984","1,984","1,984"
NH,2020-11-30,"1,801","1,801","1,801",65.02,65.02,65.02,"2,770","2,770","2,770"
NJ,2020-11-30,"14,311","14,311","14,311",73.91,73.91,73.91,"19,364","19,364","19,364"
NV,2020-11-30,"5,745","5,745","5,745",77.82,77.82,77.82,"7,382","7,382","7,382"
NY,2020-11-30,"32,942","32,942","32,942",70.34,70.34,70.34,"46,835","46,835","46,835"
OK,2020-11-30,"6,338","6,326","6,350",68.42,67.84,68.99,"9,264","9,237","9,291"
PA,2020-11-30,"23,597","23,400","23,794",73.36,71.27,75.45,"32,166","31,879","32,453"
SC,2020-11-30,"7,418","7,418","7,418",77.17,77.17,77.17,"9,613","9,613","9,613"
TN,2020-11-30,"12,136","12,133","12,140",74.05,74.05,74.05,"16,390","16,390","16,390"
UT,2020-11-30,"2,667","2,667","2,667",51.08,51.08,51.08,"5,221","5,221","5,221"
VA,2020-11-30,"11,200","11,200","11,200",65.54,65.54,65.54,"17,089","17,089","17,089"
AK,2020-12-01,897,897,897,62.33,62.33,62.33,"1,439","1,439","1,439"
AR,2020-12-01,"5,398","5,398","5,399",72.05,72.05,72.05,"7,493","7,493","7,493"
CA,2020-12-01,"46,296","46,193","46,400",73.79,73.17,74.42,"62,817","62,630","63,004"
CO,2020-12-01,"6,962","6,962","6,962",68.52,68.52,68.52,"10,160","10,160","10,160"
DE,2020-12-01,"1,818","1,818","1,818",72.49,72.49,72.49,"2,508","2,508","2,508"
FL,2020-12-01,"40,636","40,636","40,636",78.77,78.77,78.77,"51,587","51,587","51,587"
HI,2020-12-01,"1,746","1,746","1,746",69.56,69.56,69.56,"2,510","2,510","2,510"
IA,2020-12-01,"4,998","4,998","4,998",62.62,62.62,62.62,"7,982","7,982","7,982"
IL,2020-12-01,"20,341","20,251","20,431",69.36,68.29,70.43,"29,327","29,190","29,464"
KY,2020-12-01,"8,618","8,618","8,618",72.63,72.63,72.63,"11,866","11,866","11,866"
MA,2020-12-01,"11,672","11,672","11,672",68.04,68.04,68.04,"17,154","17,154","17,154"
ME,2020-12-01,"1,941","1,941","1,941",67.80,67.80,67.80,"2,863","2,863","2,863"
MN,2020-12-01,"7,368","7,353","7,383",73.88,73.32,74.43,"9,973","9,944","10,002"
MO,2020-12-01,"11,044","11,044","11,044",76.22,76.22,76.22,"14,490","14,490","14,490"
MS,2020-12-01,"5,230","5,226","5,234",64.97,64.87,65.07,"8,050","8,042","8,058"
MT,2020-12-01,"1,923","1,923","1,923",67.19,67.19,67.19,"2,862","2,862","2,862"
ND,2020-12-01,"1,527","1,526","1,528",75.62,75.19,76.05,"2,019","2,014","2,024"
NH,2020-12-01,"1,974","1,974","1,974",71.24,71.24,71.24,"2,771","2,771","2,771"
NJ,2020-12-01,"15,278","15,278","15,278",78.44,78.44,78.44,"19,478","19,478","19,478"
NV,2020-12-01,"5,944","5,943","5,944",80.49,80.07,80.92,"7,384","7,366","7,402"
NY,2020-12-01,"34,822","34,822","34,822",74.43,74.43,74.43,"46,785","46,785","46,785"
OK,2020-12-01,"6,702","6,697","6,707",72.00,71.77,72.24,"9,308","9,297","9,319"
PA,2020-12-01,"24,704","24,550","24,857",76.45,74.81,78.08,"32,315","32,089","32,541"
SC,2020-12-01,"7,850","7,850","7,850",80.74,80.74,80.74,"9,723","9,723","9,723"
TN,2020-12-01,"12,357","12,357","12,357",75.54,75.54,75.54,"16,358","16,358","16,358"
UT,2020-12-01,"3,024","3,023","3,024",57.92,57.92,57.92,"5,220","5,220","5,220"
VA,2020-12-01,"11,948","11,948","11,948",70.02,70.02,70.02,"17,063","17,063","17,063"
AK,2020-12-02,933,933,933,65.02,65.02,65.02,"1,435","1,435","1,435"
AR,2020-12-02,"5,531","5,531","5,531",73.46,73.46,73.46,"7,529","7,523","7,535"
CA,2020-12-02,"47,713","47,674","47,752",75.98,75.91,76.06,"62,870","62,849","62,891"
CO,2020-12-02,"7,028","7,028","7,028",69.16,69.16,69.16,"10,162","10,162","10,162"
DE,2020-12-02,"1,863","1,863","1,863",73.49,73.49,73.49,"2,535","2,535","2,535"
FL,2020-12-02,"41,234","41,234","41,234",79.60,79.60,79.60,"51,803","51,803","51,803"
HI,2020-12-02,"1,778","1,778","1,778",70.42,70.42,70.42,"2,525","2,525","2,525"
IA,2020-12-02,"5,145","5,145","5,145",64.38,64.38,64.38,"7,992","7,992","7,992"
IL,2020-12-02,"20,636","20,542","20,729",70.45,69.34,71.56,"29,291","29,149","29,433"
KY,2020-12-02,"8,705","8,705","8,705",73.37,73.37,73.37,"11,864","11,864","11,864"
MA,2020-12-02,"11,886","11,885","11,886",70.04,70.04,70.04,"16,970","16,970","16,970"
ME,2020-12-02,"1,981","1,979","1,983",69.29,68.62,69.96,"2,859","2,848","2,870"
MN,2020-12-02,"7,619","7,604","7,634",75.76,75.21,76.31,"10,056","10,027","10,085"
MO,2020-12-02,"11,490","11,490","11,490",79.84,79.84,79.84,"14,392","14,392","14,392"
MS,2020-12-02,"5,374","5,371","5,377",66.65,66.65,66.65,"8,063","8,056","8,070"
MT,2020-12-02,"1,953","1,949","1,957",68.22,68.22,68.22,"2,863","2,863","2,863"
ND,2020-12-02,"1,574","1,573","1,576",78.18,77.60,78.76,"2,014","2,008","2,020"
NH,2020-12-02,"2,022","2,022","2,022",73.00,73.00,73.00,"2,770","2,770","2,770"
NJ,2020-12-02,"15,487","15,487","15,487",78.85,78.85,78.85,"19,640","19,640","19,640"
NV,2020-12-02,"6,026","6,026","6,026",81.65,81.65,81.65,"7,380","7,380","7,380"
NY,2020-12-02,"35,326","35,293","35,359",75.08,74.84,75.31,"47,054","47,006","47,102"
OK,2020-12-02,"7,002","7,002","7,002",75.22,75.22,75.22,"9,309","9,309","9,309"
PA,2020-12-02,"25,031","25,020","25,042",77.64,77.53,77.75,"32,239","32,225","32,253"
SC,2020-12-02,"7,970","7,969","7,972",82.07,81.93,82.20,"9,712","9,705","9,719"
TN,2020-12-02,"12,559","12,559","12,559",75.99,75.99,75.99,"16,527","16,527","16,527"
UT,2020-12-02,"3,184","3,184","3,184",60.94,60.94,60.94,"5,225","5,225","5,225"
VA,2020-12-02,"12,213","12,213","12,213",71.47,71.47,71.47,"17,089","17,089","17,089"
AK,2020-12-03,963,963,963,65.69,65.69,65.69,"1,466","1,466","1,466"
AR,2020-12-03,"5,551","5,551","5,551",73.32,73.32,73.32,"7,571","7,571","7,571"
CA,2020-12-03,"48,255","48,219","48,291",76.20,76.20,76.20,"63,328","63,328","63,328"
CO,2020-12-03,"6,963","6,963","6,963",68.31,68.31,68.31,"10,193","10,193","10,193"
DE,2020-12-03,"1,881","1,881","1,881",74.38,74.38,74.38,"2,529","2,529","2,529"
FL,2020-12-03,"41,266","41,266","41,266",79.73,79.73,79.73,"51,760","51,760","51,760"
HI,2020-12-03,"1,754","1,754","1,754",69.60,69.60,69.60,"2,520","2,520","2,520"
IA,2020-12-03,"5,042","5,019","5,064",63.14,63.14,63.14,"7,985","7,985","7,985"
IL,2020-12-03,"20,606","20,516","20,696",70.22,69.15,71.29,"29,344","29,207","29,481"
KY,2020-12-03,"8,700","8,688","8,711",73.32,73.32,73.32,"11,865","11,865","11,865"
MA,2020-12-03,"12,089","12,089","12,089",71.75,71.75,71.75,"16,849","16,849","16,849"
ME,2020-12-03,"2,005","2,005","2,005",69.98,69.98,69.98,"2,865","2,865","2,865"
MN,2020-12-03,"7,528","7,515","7,541",75.56,75.13,76.00,"9,963","9,939","9,987"
MO,2020-12-03,"11,469","11,469","11,469",79.71,79.71,79.71,"14,388","14,388","14,388"
MS,2020-12-03,"5,317","5,314","5,320",66.06,66.06,66.06,"8,049","8,042","8,056"
MT,2020-12-03,"1,958","1,958","1,958",68.49,68.49,68.49,"2,859","2,859","2,859"
ND,2020-12-03,"1,563","1,562","1,564",76.48,76.05,76.91,"2,044","2,039","2,049"
NH,2020-12-03,"2,054","2,054","2,054",74.15,74.15,74.15,"2,770","2,770","2,770"
NJ,2020-12-03,"15,536","15,536","15,536",79.24,79.24,79.24,"19,606","19,606","19,606"
NV,2020-12-03,"6,021","6,021","6,021",81.63,81.63,81.63,"7,376","7,376","7,376"
NY,2020-12-03,"35,633","35,633","35,633",75.55,75.55,75.55,"47,165","47,165","47,165"
OK,2020-12-03,"7,051","7,051","7,051",75.68,75.68,75.68,"9,317","9,317","9,317"
PA,2020-12-03,"24,921","24,919","24,923",77.22,77.04,77.39,"32,274","32,242","32,306"
SC,2020-12-03,"7,970","7,970","7,970",82.11,82.11,82.11,"9,707","9,707","9,707"
TN,2020-12-03,"12,536","12,536","12,536",75.94,75.94,75.94,"16,507","16,507","16,507"
UT,2020-12-03,"3,157","3,157","3,157",60.43,60.43,60.43,"5,224","5,224","5,224"
VA,2020-12-03,"12,260","12,260","12,260",71.71,71.71,71.71,"17,096","17,096","17,096"
AK,2020-12-04,960,959,961,64.86,64.86,64.86,"1,480","1,480","1,480"
AR,2020-12-04,"5,669","5,669","5,669",74.48,74.48,74.48,"7,611","7,611","7,611"
CA,2020-12-04,"48,296","48,260","48,331",76.83,76.68,76.98,"62,862","62,832","62,891"
CO,2020-12-04,"6,949","6,949","6,949",68.29,68.29,68.29,"10,175","10,175","10,175"
DE,2020-12-04,"1,836","1,836","1,836",72.14,72.14,72.14,"2,545","2,545","2,545"
FL,2020-12-04,"41,038","41,038","41,038",79.34,79.34,79.34,"51,723","51,723","51,723"
HI,2020-12-04,"1,704","1,704","1,704",67.62,67.62,67.62,"2,520","2,520","2,520"
IA,2020-12-04,"5,075","5,075","5,075",63.61,63.61,63.61,"7,978","7,978","7,978"
IL,2020-12-04,"20,522","20,434","20,610",69.99,68.93,71.04,"29,322","29,187","29,457"
KY,2020-12-04,"8,490","8,490","8,490",71.56,71.56,71.56,"11,864","11,864","11,864"
MA,2020-12-04,"11,880","11,880","11,880",71.49,71.49,71.49,"16,618","16,618","16,618"
ME,2020-12-04,"1,947","1,947","1,947",67.82,67.82,67.82,"2,871","2,871","2,871"
MN,2020-12-04,"7,521","7,512","7,530",75.70,75.70,75.70,"9,935","9,925","9,945"
MO,2020-12-04,"11,452","11,452","11,452",80.24,80.24,80.24,"14,272","14,272","14,272"
MS,2020-12-04,"5,167","5,164","5,170",64.30,64.30,64.30,"8,036","8,029","8,043"
MT,2020-12-04,"1,921","1,921","1,921",67.17,67.17,67.17,"2,860","2,860","2,860"
ND,2020-12-04,"1,507","1,507","1,507",74.05,74.05,74.05,"2,035","2,035","2,035"
NH,2020-12-04,"1,977","1,977","1,977",71.37,71.37,71.37,"2,770","2,770","2,770"
NJ,2020-12-04,"15,446","15,446","15,446",78.67,78.67,78.67,"19,635","19,635","19,635"
NV,2020-12-04,"5,990","5,990","5,990",81.03,81.03,81.03,"7,392","7,392","7,392"
NY,2020-12-04,"35,511","35,511","35,511",75.18,75.18,75.18,"47,236","47,236","47,236"
OK,2020-12-04,"6,716","6,713","6,718",71.76,71.55,71.98,"9,358","9,347","9,369"
PA,2020-12-04,"24,806","24,769","24,843",76.46,76.12,76.81,"32,441","32,399","32,483"
SC,2020-12-04,"7,992","7,992","7,992",82.33,82.33,82.33,"9,707","9,707","9,707"
TN,2020-12-04,"12,435","12,435","12,435",75.17,75.17,75.17,"16,542","16,542","16,542"
UT,2020-12-04,"3,159","3,159","3,159",60.60,60.60,60.60,"5,213","5,213","5,213"
VA,2020-12-04,"12,098","12,098","12,098",70.82,70.82,70.82,"17,082","17,082","17,082"
AK,2020-12-05,923,923,923,63.44,63.44,63.44,"1,455","1,455","1,455"
AR,2020-12-05,"5,287","5,287","5,287",70.73,70.73,70.73,"7,475","7,475","7,475"
CA,2020-12-05,"47,020","46,972","47,069",75.27,75.00,75.55,"62,468","62,393","62,544"
CO,2020-12-05,"6,881","6,881","6,881",67.64,67.64,67.64,"10,173","10,173","10,173"
DE,2020-12-05,"1,771","1,771","1,771",70.11,70.11,70.11,"2,526","2,526","2,526"
FL,2020-12-05,"40,159","40,130","40,188",77.77,77.51,78.04,"51,635","51,566","51,704"
HI,2020-12-05,"1,706","1,706","1,706",69.43,69.43,69.43,"2,457","2,457","2,457"
IA,2020-12-05,"4,814","4,814","4,814",60.33,60.33,60.33,"7,980","7,980","7,980"
IL,2020-12-05,"19,995","19,898","20,092",68.43,67.25,69.62,"29,219","29,065","29,373"
KY,2020-12-05,"8,252","8,245","8,259",69.53,69.53,69.53,"11,869","11,869","11,869"
MA,2020-12-05,"11,582","11,581","11,582",71.11,71.11,71.11,"16,286","16,286","16,286"
ME,2020-12-05,"1,923","1,923","1,923",67.03,67.03,67.03,"2,869","2,869","2,869"
MN,2020-12-05,"7,334","7,326","7,343",73.88,73.88,73.88,"9,927","9,917","9,937"
MO,2020-12-05,"10,989","10,989","10,989",78.65,78.65,78.65,"13,972","13,972","13,972"
MS,2020-12-05,"4,949","4,946","4,952",62.31,62.31,62.31,"7,943","7,936","7,950"
MT,2020-12-05,"1,894","1,894","1,895",66.24,66.24,66.24,"2,860","2,860","2,860"
ND,2020-12-05,"1,510","1,439","1,580",74.60,63.98,85.21,"2,024","1,943","2,104"
NH,2020-12-05,"1,884","1,884","1,884",67.99,67.99,67.99,"2,771","2,771","2,771"
NJ,2020-12-05,"14,838","14,838","14,838",76.31,76.31,76.31,"19,445","19,445","19,445"
NV,2020-12-05,"5,890","5,890","5,890",79.84,79.84,79.84,"7,377","7,377","7,377"
NY,2020-12-05,"34,174","34,174","34,174",72.69,72.69,72.69,"47,014","47,014","47,014"
OK,2020-12-05,"6,389","6,386","6,392",68.48,68.33,68.63,"9,330","9,323","9,337"
PA,2020-12-05,"24,413","24,410","24,416",75.33,75.11,75.56,"32,406","32,364","32,448"
SC,2020-12-05,"7,641","7,641","7,641",78.99,78.99,78.99,"9,673","9,673","9,673"
TN,2020-12-05,"12,025","12,025","12,025",72.81,72.81,72.81,"16,516","16,516","16,516"
UT,2020-12-05,"3,015","3,015","3,015",57.83,57.83,57.83,"5,214","5,214","5,214"
VA,2020-12-05,"11,260","11,260","11,260",65.89,65.89,65.89,"17,090","17,090","17,090"
AK,2020-12-06,874,874,874,60.32,60.32,60.32,"1,449","1,449","1,449"
AR,2020-12-06,"5,112","5,107","5,116",69.18,69.18,69.18,"7,389","7,389","7,389"
CA,2020-12-06,"45,863","45,791","45,934",74.61,74.20,75.03,"61,468","61,355","61,580"
CO,2020-12-06,"6,566","6,566","6,566",64.51,64.51,64.51,"10,179","10,179","10,179"
DE,2020-12-06,"1,702","1,702","1,702",67.54,67.54,67.54,"2,520","2,520","2,520"
FL,2020-12-06,"38,994","38,944","39,043",75.85,75.85,75.85,"51,406","51,406","51,406"
HI,2020-12-06,"1,644","1,644","1,644",66.97,66.97,66.97,"2,455","2,455","2,455"
IA,2020-12-06,"4,626","4,624","4,627",58.01,57.87,58.16,"7,973","7,966","7,980"
IL,2020-12-06,"19,513","19,433","19,592",66.76,65.81,67.72,"29,227","29,105","29,349"
KY,2020-12-06,"8,153","8,153","8,153",68.69,68.69,68.69,"11,869","11,869","11,869"
MA,2020-12-06,"11,283","11,283","11,283",71.10,71.10,71.10,"15,869","15,869","15,869"
ME,2020-12-06,"1,871","1,869","1,873",65.24,64.59,65.89,"2,868","2,857","2,879"
MN,2020-12-06,"6,995","6,986","7,004",71.68,71.68,71.68,"9,758","9,749","9,767"
MO,2020-12-06,"10,632","10,632","10,632",77.32,77.32,77.32,"13,750","13,750","13,750"
MS,2020-12-06,"4,838","4,835","4,841",61.31,61.31,61.31,"7,891","7,884","7,898"
MT,2020-12-06,"1,835","1,835","1,835",64.21,64.21,64.21,"2,858","2,858","2,858"
ND,2020-12-06,"1,480","1,472","1,488",73.30,72.02,74.59,"2,019","2,009","2,029"
NH,2020-12-06,"1,857","1,857","1,857",67.02,67.02,67.02,"2,771","2,771","2,771"
NJ,2020-12-06,"14,429","14,429","14,429",74.51,74.51,74.51,"19,366","19,366","19,366"
NV,2020-12-06,"5,889","5,889","5,889",79.82,79.82,79.82,"7,378","7,378","7,378"
NY,2020-12-06,"33,514","33,514","33,514",71.34,71.34,71.34,"46,976","46,976","46,976"
OK,2020-12-06,"6,184","6,172","6,197",66.74,66.41,67.08,"9,266","9,262","9,270"
PA,2020-12-06,"23,872","23,868","23,877",73.80,73.62,73.98,"32,347","32,314","32,380"
SC,2020-12-06,"7,455","7,455","7,455",77.25,77.25,77.25,"9,651","9,651","9,651"
TN,2020-12-06,"11,927","11,927","11,927",72.59,72.59,72.59,"16,431","16,431","16,431"
UT,2020-12-06,"2,850","2,846","2,854",54.66,54.66,54.66,"5,213","5,213","5,213"
VA,2020-12-06,"11,010","11,010","11,010",64.54,64.54,64.54,"17,058","17,058","17,058"
AK,2020-12-07,847,847,847,58.45,58.45,58.45,"1,449","1,449","1,449"
AR,2020-12-07,"5,228","5,217","5,240",70.36,70.36,70.36,"7,431","7,431","7,431"
CA,2020-12-07,"46,241","46,211","46,271",75.42,74.71,76.14,"61,309","61,060","61,558"
CO,2020-12-07,"6,554","6,554","6,554",64.37,64.37,64.37,"10,181","10,181","10,181"
DE,2020-12-07,"1,717","1,717","1,717",68.35,68.35,68.35,"2,512","2,512","2,512"
FL,2020-12-07,"39,652","39,652","39,652",76.91,76.91,76.91,"51,554","51,554","51,554"
HI,2020-12-07,"1,673","1,673","1,673",67.27,67.27,67.27,"2,487","2,487","2,487"
IA,2020-12-07,"4,681","4,680","4,682",58.75,58.75,58.75,"7,967","7,967","7,967"
IL,2020-12-07,"19,537","19,466","19,609",66.79,65.94,67.64,"29,250","29,141","29,359"
KY,2020-12-07,"8,187","8,181","8,193",68.98,68.98,68.98,"11,868","11,868","11,868"
MA,2020-12-07,"11,428","11,428","11,428",71.95,71.95,71.95,"15,884","15,884","15,884"
ME,2020-12-07,"1,900","1,900","1,900",66.36,66.36,66.36,"2,863","2,863","2,863"
MN,2020-12-07,"7,033","7,025","7,041",73.49,73.23,73.75,"9,570","9,561","9,579"
MO,2020-12-07,"10,847","10,845","10,849",77.47,77.47,77.47,"14,001","14,001","14,001"
MS,2020-12-07,"5,003","5,000","5,006",63.03,63.03,63.03,"7,937","7,930","7,944"
MT,2020-12-07,"1,859","1,859","1,859",65.05,65.05,65.05,"2,858","2,858","2,858"
ND,2020-12-07,"1,447","1,447","1,447",72.13,72.13,72.13,"2,006","2,006","2,006"
NH,2020-12-07,"1,862","1,862","1,862",67.20,67.20,67.20,"2,771","2,771","2,771"
NJ,2020-12-07,"14,698","14,698","14,698",75.68,75.68,75.68,"19,420","19,420","19,420"
NV,2020-12-07,"5,881","5,881","5,881",79.79,79.79,79.79,"7,371","7,371","7,371"
NY,2020-12-07,"34,241","34,241","34,241",72.97,72.97,72.97,"46,923","46,923","46,923"
OK,2020-12-07,"6,260","6,247","6,273",66.94,66.94,66.94,"9,351","9,351","9,351"
PA,2020-12-07,"24,100","24,093","24,107",74.70,74.64,74.76,"32,263","32,259","32,267"
SC,2020-12-07,"7,561","7,561","7,561",78.33,78.33,78.33,"9,653","9,653","9,653"
TN,2020-12-07,"12,245","12,245","12,245",74.32,74.32,74.32,"16,475","16,475","16,475"
UT,2020-12-07,"2,840","2,836","2,844",54.49,54.49,54.49,"5,213","5,213","5,213"
VA,2020-12-07,"11,531","11,531","11,531",67.36,67.36,67.36,"17,118","17,118","17,118"
AK,2020-12-08,902,902,902,62.25,62.25,62.25,"1,449","1,449","1,449"
AR,2020-12-08,"5,569","5,569","5,569",73.54,73.54,73.54,"7,573","7,573","7,573"
CA,2020-12-08,"47,938","47,836","48,041",76.96,76.48,77.45,"62,289","62,180","62,398"
CO,2020-12-08,"6,859","6,859","6,859",67.02,67.02,67.02,"10,235","10,235","10,235"
DE,2020-12-08,"1,852","1,852","1,852",72.97,72.97,72.97,"2,538","2,538","2,538"
FL,2020-12-08,"41,537","41,537","41,537",80.06,80.06,80.06,"51,882","51,882","51,882"
HI,2020-12-08,"1,713","1,713","1,713",68.93,68.93,68.93,"2,485","2,485","2,485"
IA,2020-12-08,"4,876","4,874","4,878",61.12,60.99,61.25,"7,978","7,973","7,983"
IL,2020-12-08,"20,461","20,406","20,517",69.95,69.29,70.62,"29,250","29,165","29,335"
KY,2020-12-08,"8,624","8,624","8,624",72.66,72.66,72.66,"11,869","11,869","11,869"
MA,2020-12-08,"11,828","11,828","11,828",74.59,74.59,74.59,"15,857","15,857","15,857"
ME,2020-12-08,"1,979","1,979","1,979",68.83,68.83,68.83,"2,875","2,875","2,875"
MN,2020-12-08,"7,300","7,292","7,308",75.16,74.92,75.41,"9,712","9,703","9,721"
MO,2020-12-08,"11,401","11,401","11,401",79.67,79.67,79.67,"14,310","14,310","14,310"
MS,2020-12-08,"5,249","5,247","5,251",65.50,65.34,65.65,"8,014","8,007","8,021"
MT,2020-12-08,"1,934","1,934","1,934",67.67,67.67,67.67,"2,858","2,858","2,858"
ND,2020-12-08,"1,506","1,503","1,509",73.39,72.78,74.00,"2,052","2,046","2,058"
NH,2020-12-08,"2,003","2,003","2,003",72.28,72.28,72.28,"2,771","2,771","2,771"
NJ,2020-12-08,"15,340","15,340","15,340",78.57,78.57,78.57,"19,524","19,524","19,524"
NV,2020-12-08,"5,949","5,949","5,949",80.54,80.54,80.54,"7,386","7,386","7,386"
NY,2020-12-08,"35,437","35,437","35,437",75.36,75.36,75.36,"47,024","47,024","47,024"
OK,2020-12-08,"6,562","6,559","6,566",69.70,69.52,69.88,"9,415","9,406","9,424"
PA,2020-12-08,"25,308","25,308","25,308",78.04,78.04,78.04,"32,430","32,430","32,430"
SC,2020-12-08,"8,003","8,003","8,003",82.73,82.73,82.73,"9,674","9,674","9,674"
TN,2020-12-08,"12,519","12,519","12,519",75.82,75.82,75.82,"16,512","16,512","16,512"
UT,2020-12-08,"3,121","3,121","3,121",59.86,59.86,59.86,"5,214","5,214","5,214"
VA,2020-12-08,"11,858","11,858","11,858",69.35,69.35,69.35,"17,098","17,098","17,098"
AK,2020-12-09,904,904,904,61.85,61.85,61.85,"1,462","1,461","1,462"
AR,2020-12-09,"5,716","5,715","5,718",75.10,75.10,75.10,"7,612","7,612","7,612"
CA,2020-12-09,"49,044","49,013","49,076",78.34,78.19,78.48,"62,608","62,578","62,638"
CO,2020-12-09,"6,955","6,955","6,955",67.99,67.99,67.99,"10,229","10,229","10,229"
DE,2020-12-09,"1,842","1,842","1,842",72.01,72.01,72.01,"2,558","2,558","2,558"
FL,2020-12-09,"41,625","41,625","41,625",80.35,80.35,80.35,"51,803","51,803","51,803"
HI,2020-12-09,"1,749","1,749","1,749",70.30,70.30,70.30,"2,488","2,488","2,488"
IA,2020-12-09,"5,120","5,115","5,125",64.22,64.22,64.22,"7,973","7,973","7,973"
IL,2020-12-09,"20,768","20,768","20,768",70.89,70.89,70.89,"29,296","29,296","29,296"
KY,2020-12-09,"8,623","8,597","8,649",72.66,72.66,72.66,"11,868","11,868","11,868"
MA,2020-12-09,"12,090","12,090","12,090",76.57,76.57,76.57,"15,790","15,790","15,790"
ME,2020-12-09,"1,994","1,994","1,994",69.26,69.26,69.26,"2,879","2,879","2,879"
MN,2020-12-09,"7,456","7,446","7,466",75.85,75.51,76.19,"9,830","9,816","9,844"
MO,2020-12-09,"11,591","11,591","11,591",80.14,80.14,80.14,"14,464","14,464","14,464"
MS,2020-12-09,"5,354","5,345","5,362",66.26,65.98,66.55,"8,079","8,073","8,085"
MT,2020-12-09,"1,970","1,969","1,971",69.00,69.00,69.00,"2,855","2,855","2,855"
ND,2020-12-09,"1,551","1,551","1,551",76.25,76.25,76.25,"2,034","2,034","2,034"
NH,2020-12-09,"2,018","2,018","2,018",72.85,72.85,72.85,"2,770","2,770","2,770"
NJ,2020-12-09,"15,432","15,432","15,432",78.90,78.90,78.90,"19,560","19,560","19,560"
NV,2020-12-09,"5,985","5,985","5,985",81.16,81.16,81.16,"7,374","7,374","7,374"
NY,2020-12-09,"35,481","35,448","35,514",75.76,75.52,76.00,"46,835","46,787","46,883"
OK,2020-12-09,"6,888","6,888","6,888",72.66,72.66,72.66,"9,480","9,480","9,480"
PA,2020-12-09,"25,690","25,688","25,693",79.48,79.30,79.67,"32,321","32,288","32,354"
SC,2020-12-09,"8,194","8,194","8,194",84.29,84.29,84.29,"9,721","9,721","9,721"
TN,2020-12-09,"12,589","12,589","12,589",76.17,76.17,76.17,"16,528","16,528","16,528"
UT,2020-12-09,"3,107","3,107","3,107",59.59,59.59,59.59,"5,214","5,214","5,214"
VA,2020-12-09,"12,159","12,159","12,159",71.11,71.11,71.11,"17,099","17,099","17,099"
AK,2020-12-10,854,853,855,59.60,59.60,59.60,"1,433","1,433","1,433"
AR,2020-12-10,"5,727","5,727","5,727",74.88,74.88,74.88,"7,648","7,648","7,648"
CA,2020-12-10,"49,189","49,171","49,207",77.64,77.53,77.75,"63,355","63,323","63,387"
CO,2020-12-10,"7,018","7,016","7,019",68.56,68.56,68.56,"10,235","10,235","10,235"
DE,2020-12-10,"1,871","1,871","1,871",72.89,72.89,72.89,"2,567","2,567","2,567"
FL,2020-12-10,"41,512","41,512","41,512",80.05,80.05,80.05,"51,856","51,856","51,856"
HI,2020-12-10,"1,743","1,743","1,743",69.83,69.83,69.83,"2,496","2,496","2,496"
IA,2020-12-10,"5,057","5,057","5,057",63.39,63.39,63.39,"7,978","7,974","7,982"
IL,2020-12-10,"20,624","20,622","20,627",70.49,70.45,70.53,"29,258","29,252","29,264"
KY,2020-12-10,"8,527","8,491","8,562",71.70,71.70,71.70,"11,893","11,893","11,893"
MA,2020-12-10,"12,086","12,086","12,086",78.49,78.49,78.49,"15,399","15,399","15,399"
ME,2020-12-10,"2,015","2,015","2,015",70.18,70.18,70.18,"2,871","2,871","2,871"
MN,2020-12-10,"7,579","7,571","7,587",76.59,76.37,76.82,"9,895","9,887","9,903"
MO,2020-12-10,"11,658","11,658","11,658",78.08,78.08,78.08,"14,931","14,931","14,931"
MS,2020-12-10,"5,384","5,382","5,386",66.98,66.84,67.13,"8,038","8,032","8,044"
MT,2020-12-10,"1,998","1,998","1,998",69.52,69.52,69.52,"2,874","2,874","2,874"
ND,2020-12-10,"1,562","1,562","1,562",75.83,75.83,75.83,"2,060","2,060","2,060"
NH,2020-12-10,"2,053","2,053","2,053",74.12,74.12,74.12,"2,770","2,770","2,770"
NJ,2020-12-10,"15,270","15,270","15,270",77.81,77.81,77.81,"19,624","19,624","19,624"
NV,2020-12-10,"6,028","6,028","6,028",81.37,81.37,81.37,"7,408","7,408","7,408"
NY,2020-12-10,"35,442","35,442","35,442",75.44,75.44,75.44,"46,979","46,979","46,979"
OK,2020-12-10,"7,030","7,030","7,030",73.82,73.82,73.82,"9,523","9,523","9,523"
PA,2020-12-10,"25,521","25,518","25,523",79.08,78.84,79.31,"32,274","32,232","32,316"
SC,2020-12-10,"8,198","8,198","8,198",84.08,84.08,84.08,"9,750","9,750","9,750"
TN,2020-12-10,"12,806","12,806","12,806",77.58,77.58,77.58,"16,506","16,506","16,506"
UT,2020-12-10,"3,119","3,119","3,119",59.83,59.83,59.83,"5,213","5,213","5,213"
VA,2020-12-10,"12,231","12,231","12,231",71.43,71.43,71.43,"17,124","17,124","17,124"
AK,2020-12-11,855,855,855,59.58,59.58,59.58,"1,435","1,435","1,435"
AR,2020-12-11,"5,735","5,735","5,735",75.13,75.13,75.13,"7,633","7,633","7,633"
CA,2020-12-11,"48,780","48,776","48,783",77.36,77.25,77.47,"63,054","63,014","63,094"
CO,2020-12-11,"6,996","6,996","6,996",68.61,68.61,68.61,"10,197","10,197","10,197"
DE,2020-12-11,"1,874","1,874","1,874",73.20,73.20,73.20,"2,560","2,560","2,560"
FL,2020-12-11,"41,339","41,339","41,339",79.73,79.73,79.73,"51,851","51,851","51,851"
HI,2020-12-11,"1,747","1,747","1,747",70.42,70.42,70.42,"2,481","2,481","2,481"
IA,2020-12-11,"5,015","5,015","5,015",62.93,62.93,62.93,"7,969","7,962","7,976"
IL,2020-12-11,"20,422","20,422","20,422",69.72,69.72,69.72,"29,291","29,291","29,291"
KY,2020-12-11,"7,370","7,342","7,399",61.81,61.81,61.81,"11,925","11,925","11,925"
MA,2020-12-11,"11,994","11,957","12,032",79.43,78.59,80.28,"15,100","15,047","15,153"
ME,2020-12-11,"1,976","1,976","1,976",68.87,68.87,68.87,"2,869","2,869","2,869"
MN,2020-12-11,"7,490","7,483","7,498",75.91,75.69,76.13,"9,868","9,860","9,876"
MO,2020-12-11,"11,551","11,551","11,551",77.28,77.28,77.28,"14,946","14,946","14,946"
MS,2020-12-11,"5,332","5,309","5,355",66.86,65.64,68.08,"7,975","7,926","8,024"
MT,2020-12-11,"1,985","1,985","1,985",69.50,69.50,69.50,"2,856","2,856","2,856"
ND,2020-12-11,"1,483","1,482","1,484",71.75,71.45,72.04,"2,067","2,063","2,071"
NH,2020-12-11,"2,060","2,055","2,065",74.37,73.58,75.16,"2,770","2,759","2,781"
NJ,2020-12-11,"15,110","15,110","15,110",76.25,76.25,76.25,"19,817","19,817","19,817"
NV,2020-12-11,"6,022","6,021","6,023",81.09,81.09,81.09,"7,426","7,426","7,426"
NY,2020-12-11,"35,246","35,246","35,246",75.36,75.36,75.36,"46,770","46,770","46,770"
OK,2020-12-11,"6,903","6,903","6,903",72.93,72.93,72.93,"9,465","9,465","9,465"
PA,2020-12-11,"25,380","25,376","25,384",78.74,78.48,79.00,"32,232","32,185","32,279"
SC,2020-12-11,"8,048","8,048","8,048",82.52,82.52,82.52,"9,753","9,753","9,753"
TN,2020-12-11,"12,763","12,763","12,763",77.24,77.24,77.24,"16,524","16,524","16,524"
UT,2020-12-11,"3,134","3,134","3,134",60.10,60.10,60.10,"5,215","5,215","5,215"
VA,2020-12-11,"11,962","11,962","11,962",69.95,69.95,69.95,"17,102","17,102","17,102"
AK,2020-12-12,854,854,854,59.76,59.76,59.76,"1,429","1,428","1,430"
AR,2020-12-12,"5,520","5,520","5,520",72.41,72.41,72.41,"7,623","7,623","7,623"
CA,2020-12-12,"47,899","47,877","47,921",76.50,76.39,76.62,"62,610","62,578","62,641"
CO,2020-12-12,"6,839","6,838","6,840",66.97,66.97,66.97,"10,212","10,212","10,212"
DE,2020-12-12,"1,777","1,777","1,777",69.77,69.77,69.77,"2,547","2,547","2,547"
FL,2020-12-12,"40,102","40,102","40,102",77.68,77.68,77.68,"51,623","51,623","51,623"
HI,2020-12-12,"1,698","1,693","1,703",68.59,67.33,69.86,"2,476","2,458","2,494"
IA,2020-12-12,"4,785","4,785","4,785",59.93,59.93,59.93,"7,984","7,984","7,984"
IL,2020-12-12,"19,958","19,855","20,060",68.29,67.32,69.26,"29,225","29,140","29,310"
KY,2020-12-12,"7,213","7,201","7,225",59.81,59.81,59.81,"12,059","12,059","12,059"
MA,2020-12-12,"11,662","11,662","11,662",77.47,77.47,77.47,"15,053","15,053","15,053"
ME,2020-12-12,"1,885","1,885","1,885",65.61,65.61,65.61,"2,873","2,873","2,873"
MN,2020-12-12,"7,176","7,170","7,182",73.23,73.04,73.43,"9,799","9,792","9,806"
MO,2020-12-12,"11,094","11,094","11,094",75.39,75.39,75.39,"14,716","14,716","14,716"
MS,2020-12-12,"5,095","5,093","5,097",64.53,64.40,64.67,"7,895","7,889","7,901"
MT,2020-12-12,"1,850","1,850","1,850",65.42,65.42,65.42,"2,828","2,828","2,828"
ND,2020-12-12,"1,501","1,501","1,501",73.40,73.40,73.40,"2,045","2,045","2,045"
NH,2020-12-12,"1,934","1,934","1,934",69.79,69.79,69.79,"2,771","2,771","2,771"
NJ,2020-12-12,"14,512","14,496","14,529",73.73,73.31,74.14,"19,684","19,642","19,726"
NV,2020-12-12,"6,069","6,069","6,069",81.61,81.61,81.61,"7,437","7,437","7,437"
NY,2020-12-12,"33,669","33,630","33,708",71.75,71.36,72.15,"46,923","46,828","47,018"
OK,2020-12-12,"6,529","6,523","6,535",69.19,68.93,69.45,"9,436","9,424","9,448"
PA,2020-12-12,"24,559","24,556","24,562",76.65,76.37,76.92,"32,042","31,992","32,092"
SC,2020-12-12,"7,661","7,661","7,661",78.99,78.99,78.99,"9,699","9,699","9,699"
TN,2020-12-12,"12,335","12,335","12,335",74.59,74.59,74.59,"16,538","16,538","16,538"
UT,2020-12-12,"3,087","3,087","3,087",59.13,59.13,59.13,"5,221","5,221","5,221"
VA,2020-12-12,"11,455","11,455","11,455",67.05,67.05,67.05,"17,085","17,085","17,085"
AK,2020-12-13,834,834,834,58.49,58.49,58.49,"1,426","1,426","1,426"
AR,2020-12-13,"5,239","5,228","5,250",69.35,69.35,69.35,"7,554","7,554","7,554"
CA,2020-12-13,"47,375","47,328","47,422",76.00,75.68,76.32,"62,335","62,241","62,429"
CO,2020-12-13,"6,658","6,656","6,661",65.12,65.12,65.12,"10,225","10,225","10,225"
DE,2020-12-13,"1,715","1,715","1,715",67.71,67.71,67.71,"2,533","2,533","2,533"
FL,2020-12-13,"39,160","39,160","39,160",76.30,76.30,76.30,"51,325","51,325","51,325"
HI,2020-12-13,"1,674","1,669","1,679",67.65,66.39,68.91,"2,474","2,456","2,492"
IA,2020-12-13,"4,510","4,510","4,510",56.50,56.50,56.50,"7,982","7,982","7,982"
IL,2020-12-13,"19,482","19,425","19,538",67.79,67.11,68.47,"28,739","28,654","28,824"
KY,2020-12-13,"7,157","7,157","7,157",59.36,59.36,59.36,"12,057","12,057","12,057"
MA,2020-12-13,"11,329","11,329","11,329",75.68,75.68,75.68,"14,969","14,969","14,969"
ME,2020-12-13,"1,869","1,866","1,872",65.40,65.40,65.40,"2,858","2,858","2,858"
MN,2020-12-13,"6,641","6,636","6,646",68.96,68.81,69.12,"9,630","9,625","9,635"
MO,2020-12-13,"10,690","10,690","10,690",74.00,74.00,74.00,"14,445","14,438","14,452"
MS,2020-12-13,"4,928","4,842","5,015",62.42,59.02,65.82,"7,896","7,797","7,995"
MT,2020-12-13,"1,794","1,794","1,794",63.68,63.68,63.68,"2,817","2,817","2,817"
ND,2020-12-13,"1,400","1,400","1,400",68.03,67.81,68.25,"2,058","2,055","2,061"
NH,2020-12-13,"1,881","1,881","1,881",67.91,67.91,67.91,"2,770","2,770","2,770"
NJ,2020-12-13,"14,298","14,298","14,298",72.93,72.93,72.93,"19,606","19,606","19,606"
NV,2020-12-13,"5,976","5,885","6,067",80.68,80.68,80.68,"7,407","7,407","7,407"
NY,2020-12-13,"33,394","33,352","33,437",69.97,69.68,70.26,"47,728","47,671","47,785"
OK,2020-12-13,"6,352","6,347","6,357",67.63,67.41,67.85,"9,392","9,382","9,402"
PA,2020-12-13,"24,108","24,099","24,117",75.36,75.06,75.65,"31,992","31,939","32,045"
SC,2020-12-13,"7,439","7,439","7,439",77.64,77.64,77.64,"9,581","9,581","9,581"
TN,2020-12-13,"12,041","12,041","12,041",73.17,73.17,73.17,"16,456","16,456","16,456"
UT,2020-12-13,"2,941","2,941","2,941",56.32,56.32,56.32,"5,222","5,222","5,222"
VA,2020-12-13,"11,075","11,075","11,075",64.93,64.93,64.93,"17,056","17,056","17,056"
AK,2020-12-14,813,813,813,56.81,56.81,56.81,"1,431","1,431","1,431"
AR,2020-12-14,"5,242","5,230","5,253",69.36,69.36,69.36,"7,557","7,557","7,557"
CA,2020-12-14,"47,460","47,427","47,492",76.90,76.76,77.05,"61,712","61,684","61,740"
CO,2020-12-14,"6,590","6,581","6,600",64.45,64.45,64.45,"10,225","10,225","10,225"
DE,2020-12-14,"1,721","1,721","1,721",67.57,67.57,67.57,"2,547","2,547","2,547"
FL,2020-12-14,"40,017","39,894","40,140",77.78,76.96,78.61,"51,446","51,265","51,627"
HI,2020-12-14,"1,675","1,675","1,675",67.43,67.43,67.43,"2,484","2,484","2,484"
IA,2020-12-14,"4,644","4,621","4,667",58.25,57.27,59.24,"7,972","7,940","8,004"
IL,2020-12-14,"19,665","19,607","19,723",68.18,67.49,68.87,"28,841","28,756","28,926"
KY,2020-12-14,"7,188","7,188","7,188",59.61,59.61,59.61,"12,058","12,058","12,058"
MA,2020-12-14,"11,316","11,316","11,316",75.37,75.37,75.37,"15,014","15,014","15,014"
ME,2020-12-14,"1,892","1,892","1,892",66.22,66.22,66.22,"2,857","2,857","2,857"
MN,2020-12-14,"6,808","6,803","6,813",71.17,71.17,71.17,"9,566","9,566","9,566"
MO,2020-12-14,"10,779","10,779","10,779",73.86,73.86,73.86,"14,593","14,593","14,593"
MS,2020-12-14,"5,180","5,179","5,181",65.52,65.43,65.61,"7,906","7,902","7,910"
MT,2020-12-14,"1,804","1,804","1,805",64.03,64.03,64.03,"2,818","2,818","2,818"
ND,2020-12-14,"1,392","1,381","1,404",68.26,66.69,69.83,"2,040","2,030","2,050"
NH,2020-12-14,"1,859","1,859","1,859",67.11,67.11,67.11,"2,770","2,770","2,770"
NJ,2020-12-14,"14,462","14,462","14,462",74.02,74.02,74.02,"19,539","19,539","19,539"
NV,2020-12-14,"5,893","5,893","5,893",79.64,79.64,79.64,"7,400","7,400","7,400"
NY,2020-12-14,"33,934","33,918","33,950",68.74,68.62,68.87,"49,363","49,335","49,391"
OK,2020-12-14,"6,546","6,491","6,602",69.36,67.45,71.28,"9,438","9,365","9,511"
PA,2020-12-14,"24,487","24,429","24,545",76.44,75.75,77.12,"32,035","31,935","32,135"
SC,2020-12-14,"7,652","7,652","7,652",79.17,79.17,79.17,"9,665","9,665","9,665"
TN,2020-12-14,"12,264","12,194","12,334",73.70,73.70,73.70,"16,641","16,641","16,641"
UT,2020-12-14,"2,866","2,862","2,871",54.89,54.89,54.89,"5,222","5,222","5,222"
VA,2020-12-14,"11,591","11,591","11,591",67.85,67.85,67.85,"17,083","17,083","17,083"
AK,2020-12-15,840,840,840,58.70,58.70,58.70,"1,431","1,431","1,431"
AR,2020-12-15,"5,458","5,440","5,476",71.76,70.92,72.60,"7,606","7,578","7,634"
CA,2020-12-15,"49,141","49,135","49,147",78.51,78.43,78.59,"62,593","62,566","62,620"
CO,2020-12-15,"6,922","6,922","6,922",67.68,67.68,67.68,"10,228","10,228","10,228"
DE,2020-12-15,"1,819","1,819","1,819",70.78,70.78,70.78,"2,570","2,570","2,570"
FL,2020-12-15,"42,167","42,009","42,325",81.14,80.10,82.19,"51,968","51,738","52,198"
HI,2020-12-15,"1,717","1,717","1,717",69.21,69.21,69.21,"2,481","2,481","2,481"
IA,2020-12-15,"4,900","4,870","4,930",61.40,60.13,62.66,"7,981","7,940","8,022"
IL,2020-12-15,"20,481","20,408","20,554",70.97,70.14,71.80,"28,858","28,759","28,957"
KY,2020-12-15,"7,420","7,406","7,434",61.54,61.54,61.54,"12,058","12,058","12,058"
MA,2020-12-15,"11,778","11,778","11,778",77.63,77.63,77.63,"15,172","15,172","15,172"
ME,2020-12-15,"1,981","1,981","1,981",69.53,69.53,69.53,"2,849","2,849","2,849"
MN,2020-12-15,"7,126","7,124","7,128",73.55,73.55,73.55,"9,689","9,689","9,689"
MO,2020-12-15,"11,335","11,335","11,335",76.48,76.48,76.48,"14,820","14,820","14,820"
MS,2020-12-15,"5,327","5,327","5,327",66.46,66.46,66.46,"8,015","8,015","8,015"
MT,2020-12-15,"1,847","1,845","1,849",65.20,64.97,65.42,"2,833","2,830","2,836"
ND,2020-12-15,"1,423","1,423","1,423",69.96,69.96,69.96,"2,034","2,034","2,034"
NH,2020-12-15,"1,974","1,974","1,974",71.26,71.26,71.26,"2,770","2,770","2,770"
NJ,2020-12-15,"15,015","15,015","15,015",75.97,75.97,75.97,"19,764","19,764","19,764"
NV,2020-12-15,"6,001","6,001","6,001",81.23,81.23,81.23,"7,388","7,388","7,388"
NY,2020-12-15,"35,258","35,237","35,279",69.40,69.25,69.55,"50,806","50,770","50,842"
OK,2020-12-15,"6,744","6,682","6,806",71.33,69.25,73.40,"9,455","9,378","9,532"
PA,2020-12-15,"25,399","25,325","25,473",78.88,78.02,79.73,"32,201","32,079","32,323"
SC,2020-12-15,"8,118","8,118","8,118",83.62,83.62,83.62,"9,708","9,708","9,708"
TN,2020-12-15,"12,635","12,545","12,725",75.94,75.94,75.94,"16,638","16,638","16,638"
UT,2020-12-15,"3,118","3,118","3,118",59.73,59.73,59.73,"5,220","5,220","5,220"
VA,2020-12-15,"12,046","12,046","12,046",73.69,73.69,73.69,"16,347","16,347","16,347"
AK,2020-12-16,857,857,857,59.76,59.76,59.76,"1,434","1,434","1,434"
AR,2020-12-16,"5,628","5,605","5,651",73.04,71.98,74.11,"7,705","7,669","7,741"
CA,2020-12-16,"49,542","49,521","49,564",78.16,78.04,78.28,"63,384","63,352","63,417"
CO,2020-12-16,"6,948","6,948","6,948",68.14,68.14,68.14,"10,196","10,196","10,196"
DE,2020-12-16,"1,824","1,824","1,824",71.19,71.19,71.19,"2,562","2,562","2,562"
FL,2020-12-16,"42,972","42,794","43,150",82.33,81.16,83.50,"52,197","51,939","52,455"
HI,2020-12-16,"1,736","1,736","1,736",69.83,69.83,69.83,"2,486","2,486","2,486"
IA,2020-12-16,"5,039","5,005","5,073",64.30,62.86,65.73,"7,837","7,791","7,883"
IL,2020-12-16,"20,656","20,603","20,709",71.58,71.02,72.13,"28,859","28,801","28,917"
KY,2020-12-16,"7,496","7,330","7,661",62.17,62.17,62.17,"12,056","12,056","12,056"
MA,2020-12-16,"11,796","11,796","11,796",77.84,77.84,77.84,"15,154","15,154","15,154"
ME,2020-12-16,"2,041","2,041","2,041",71.66,71.66,71.66,"2,848","2,848","2,848"
MN,2020-12-16,"7,188","7,188","7,188",73.78,73.78,73.78,"9,742","9,742","9,742"
MO,2020-12-16,"11,649","11,649","11,649",77.84,77.84,77.84,"14,965","14,965","14,965"
MS,2020-12-16,"5,300","5,292","5,309",66.36,66.02,66.71,"7,987","7,976","7,998"
MT,2020-12-16,"1,902","1,902","1,902",67.18,67.18,67.18,"2,831","2,831","2,831"
ND,2020-12-16,"1,488","1,488","1,488",72.09,72.09,72.09,"2,064","2,064","2,064"
NH,2020-12-16,"2,019","2,019","2,019",72.89,72.89,72.89,"2,770","2,770","2,770"
NJ,2020-12-16,"14,980","14,980","14,980",76.09,76.09,76.09,"19,686","19,686","19,686"
NV,2020-12-16,"6,047","6,047","6,047",81.87,81.87,81.87,"7,386","7,386","7,386"
NY,2020-12-16,"35,330","35,289","35,370",69.84,69.56,70.12,"50,588","50,526","50,650"
OK,2020-12-16,"6,962","6,888","7,037",73.78,71.25,76.31,"9,437","9,342","9,532"
PA,2020-12-16,"25,184","25,101","25,267",78.40,77.51,79.30,"32,121","31,986","32,256"
SC,2020-12-16,"8,154","8,154","8,154",83.99,83.99,83.99,"9,708","9,708","9,708"
TN,2020-12-16,"12,675","12,574","12,776",76.30,76.30,76.30,"16,613","16,613","16,613"
UT,2020-12-16,"3,205","3,205","3,205",61.42,61.42,61.42,"5,218","5,218","5,218"
VA,2020-12-16,"11,993","11,985","12,001",73.37,73.37,73.37,"16,347","16,347","16,347"
AK,2020-12-17,880,753,"1,007",61.47,34.09,88.86,"1,432","1,292","1,571"
AR,2020-12-17,"5,722","5,693","5,751",74.23,72.95,75.52,"7,708","7,666","7,750"
CA,2020-12-17,"49,866","49,859","49,873",78.42,78.39,78.46,"63,585","63,575","63,595"
CO,2020-12-17,"7,179","7,172","7,186",70.44,70.08,70.79,"10,192","10,173","10,211"
DE,2020-12-17,"1,833","1,833","1,833",71.63,71.63,71.63,"2,559","2,559","2,559"
FL,2020-12-17,"42,912","42,703","43,122",82.28,80.89,83.66,"52,155","51,849","52,461"
HI,2020-12-17,"1,753","1,744","1,762",70.77,69.65,71.89,"2,477","2,466","2,488"
IA,2020-12-17,"5,054","5,017","5,091",64.99,63.44,66.54,"7,777","7,728","7,826"
IL,2020-12-17,"20,676","20,619","20,733",71.38,70.78,71.97,"28,968","28,904","29,032"
KY,2020-12-17,"7,501","7,493","7,509",62.23,62.23,62.23,"12,054","12,054","12,054"
MA,2020-12-17,"11,656","11,656","11,656",77.25,77.25,77.25,"15,089","15,089","15,089"
ME,2020-12-17,"1,995","1,995","1,995",70.02,70.02,70.02,"2,849","2,849","2,849"
MN,2020-12-17,"7,242","7,242","7,242",73.88,73.88,73.88,"9,803","9,803","9,803"
MO,2020-12-17,"11,841","11,841","11,841",76.84,76.84,76.84,"15,410","15,410","15,410"
MS,2020-12-17,"5,243","5,041","5,445",65.65,57.67,73.64,"7,986","7,741","8,231"
MT,2020-12-17,"1,915","1,915","1,915",68.00,68.00,68.00,"2,816","2,816","2,816"
ND,2020-12-17,"1,465","1,465","1,465",71.43,71.43,71.43,"2,051","2,051","2,051"
NH,2020-12-17,"1,919","1,919","1,919",69.28,69.28,69.28,"2,770","2,770","2,770"
NJ,2020-12-17,"14,694","14,694","14,694",74.81,74.81,74.81,"19,643","19,643","19,643"
NV,2020-12-17,"6,060","6,060","6,060",81.66,81.66,81.66,"7,421","7,421","7,421"
NY,2020-12-17,"34,601","34,529","34,673",68.43,67.90,68.96,"50,561","50,439","50,683"
OK,2020-12-17,"7,075","6,996","7,154",73.87,71.26,76.47,"9,578","9,481","9,675"
PA,2020-12-17,"25,278","25,189","25,367",78.30,77.35,79.25,"32,283","32,140","32,426"
SC,2020-12-17,"8,238","8,187","8,289",84.77,83.18,86.36,"9,718","9,660","9,776"
TN,2020-12-17,"12,580","12,473","12,687",75.49,75.49,75.49,"16,664","16,664","16,664"
UT,2020-12-17,"3,186","3,186","3,186",61.02,61.02,61.02,"5,221","5,221","5,221"
VA,2020-12-17,"12,104","12,083","12,125",72.38,71.99,72.78,"16,722","16,696","16,748"
AK,2020-12-18,887,873,901,62.07,58.41,65.73,"1,429","1,405","1,453"
AR,2020-12-18,"5,603","5,450","5,756",72.97,67.03,78.92,"7,678","7,512","7,844"
CA,2020-12-18,"50,229","49,940","50,518",78.84,77.22,80.46,"63,711","63,261","64,161"
CO,2020-12-18,"6,962","6,952","6,972",68.32,67.83,68.82,"10,190","10,163","10,217"
DE,2020-12-18,"1,819","1,819","1,819",70.86,70.86,70.86,"2,567","2,567","2,567"
FL,2020-12-18,"42,797","42,307","43,287",82.05,78.97,85.13,"52,160","51,505","52,815"
HI,2020-12-18,"1,733","1,502","1,964",70.19,40.26,100.12,"2,469","2,176","2,762"
IA,2020-12-18,"5,009","4,972","5,046",64.30,62.70,65.90,"7,790","7,739","7,841"
IL,2020-12-18,"20,662","20,508","20,816",71.34,69.55,73.13,"28,963","28,744","29,182"
KY,2020-12-18,"7,391","7,391","7,391",61.32,61.32,61.32,"12,053","12,053","12,053"
MA,2020-12-18,"11,873","11,873","11,873",78.77,78.77,78.77,"15,073","15,073","15,073"
ME,2020-12-18,"1,998","1,998","1,998",69.69,69.69,69.69,"2,867","2,867","2,867"
MN,2020-12-18,"7,164","7,164","7,164",73.58,73.58,73.58,"9,736","9,736","9,736"
MO,2020-12-18,"11,737","11,678","11,796",76.62,75.38,77.86,"15,318","15,242","15,394"
MS,2020-12-18,"5,180","4,906","5,454",65.01,54.16,75.86,"7,968","7,637","8,299"
MT,2020-12-18,"1,858","1,858","1,858",65.38,65.38,65.38,"2,842","2,842","2,842"
ND,2020-12-18,"1,456","1,456","1,456",71.51,71.51,71.51,"2,036","2,036","2,036"
NH,2020-12-18,"1,966","1,962","1,970",70.92,70.24,71.60,"2,772","2,762","2,782"
NJ,2020-12-18,"14,556","13,782","15,330",75.23,62.14,88.31,"19,349","18,314","20,384"
NV,2020-12-18,"5,933","5,933","5,933",79.93,79.93,79.93,"7,423","7,423","7,423"
NY,2020-12-18,"34,841","34,661","35,021",68.87,67.65,70.10,"50,587","50,320","50,854"
OK,2020-12-18,"7,036","6,889","7,183",73.51,68.45,78.58,"9,571","9,371","9,771"
PA,2020-12-18,"24,836","24,468","25,204",77.73,74.16,81.30,"31,953","31,509","32,397"
SC,2020-12-18,"8,108","7,737","8,479",83.99,71.66,96.31,"9,654","9,178","10,130"
TN,2020-12-18,"12,423","12,311","12,535",71.83,71.83,71.83,"17,296","17,296","17,296"
UT,2020-12-18,"3,208","3,192","3,224",61.44,60.54,62.35,"5,221","5,205","5,237"
VA,2020-12-18,"12,045","11,890","12,200",73.48,70.45,76.52,"16,392","16,193","16,591"
NC,2020-11-18,"17,128","17,126","17,130",77.04,77.04,77.04,"22,233","22,233","22,233"
NE,2020-11-18,"3,227","3,227","3,227",69.65,69.65,69.65,"4,633","4,633","4,633"
NM,2020-11-18,"2,865","2,840","2,890",76.87,76.87,76.87,"3,727","3,697","3,757"
OH,2020-11-18,"20,791","20,718","20,864",71.32,71.32,71.32,"29,152","28,997","29,307"
OR,2020-11-18,"4,988","4,988","4,988",75.38,75.38,75.38,"6,617","6,617","6,617"
RI,2020-11-18,"1,787","1,787","1,787",88.42,88.42,88.42,"2,021","1,737","2,305"
SD,2020-11-18,"1,552","1,552","1,552",66.35,66.35,66.35,"2,339","2,339","2,339"
TX,2020-11-18,"48,881","48,526","49,236",75.57,74.69,76.46,"64,718","64,497","64,939"
VT,2020-11-18,690,451,929,57.69,-11.38,126.76,"1,196",843,"1,549"
WA,2020-11-18,"8,737","8,709","8,765",70.25,70.25,70.25,"12,467","12,467","12,467"
WI,2020-11-18,"8,739","8,730","8,748",71.21,71.03,71.38,"12,273","12,268","12,278"
WV,2020-11-18,"3,881","3,881","3,881",75.51,75.51,75.51,"5,140","5,140","5,140"
WY,2020-11-18,699,695,703,51.51,50.58,52.44,"1,357","1,352","1,362"
NC,2020-11-19,"16,289","16,289","16,289",76.09,76.09,76.09,"21,408","21,408","21,408"
NE,2020-11-19,"3,281","3,273","3,289",70.31,69.91,70.71,"4,666","4,664","4,669"
NM,2020-11-19,"2,819","2,795","2,843",75.35,75.35,75.35,"3,741","3,711","3,771"
OH,2020-11-19,"20,671","20,598","20,744",70.75,70.75,70.75,"29,218","29,063","29,373"
OR,2020-11-19,"5,014","4,867","5,161",75.69,67.74,83.65,"6,624","6,392","6,856"
RI,2020-11-19,"1,781","1,781","1,781",87.91,87.91,87.91,"2,026","1,742","2,310"
SD,2020-11-19,"1,580","1,580","1,580",67.12,67.12,67.12,"2,354","2,354","2,354"
TX,2020-11-19,"48,884","48,565","49,203",75.54,72.92,78.16,"64,761","63,807","65,715"
VT,2020-11-19,662,427,897,55.35,-12.82,123.52,"1,196",849,"1,543"
WA,2020-11-19,"8,707","8,679","8,735",69.31,69.31,69.31,"12,593","12,593","12,593"
WI,2020-11-19,"8,655","8,649","8,661",70.47,70.47,70.47,"12,281","12,281","12,281"
WV,2020-11-19,"3,833","3,833","3,833",74.46,74.46,74.46,"5,148","5,148","5,148"
WY,2020-11-19,676,676,676,49.85,49.85,49.85,"1,356","1,356","1,356"
NC,2020-11-20,"16,046","16,046","16,046",74.82,74.82,74.82,"21,445","21,445","21,445"
NE,2020-11-20,"3,299","3,298","3,300",70.65,70.52,70.79,"4,669","4,665","4,673"
NM,2020-11-20,"2,622","2,600","2,644",69.75,69.75,69.75,"3,759","3,729","3,789"
OH,2020-11-20,"20,331","20,261","20,401",69.91,69.91,69.91,"29,080","28,931","29,229"
OR,2020-11-20,"4,944","4,944","4,944",74.54,74.54,74.54,"6,633","6,633","6,633"
RI,2020-11-20,"1,751","1,751","1,751",88.61,88.61,88.61,"1,976","1,692","2,260"
SD,2020-11-20,"1,618","1,618","1,618",68.65,68.65,68.65,"2,357","2,357","2,357"
TX,2020-11-20,"49,336","49,044","49,628",75.43,74.94,75.93,"65,450","65,307","65,593"
VT,2020-11-20,647,421,873,54.10,-11.53,119.72,"1,196",863,"1,529"
WA,2020-11-20,"8,702","8,670","8,734",69.48,69.07,69.90,"12,554","12,532","12,576"
WI,2020-11-20,"8,514","8,506","8,521",69.47,69.26,69.68,"12,255","12,244","12,266"
WV,2020-11-20,"3,840","3,840","3,840",74.81,74.81,74.81,"5,133","5,133","5,133"
WY,2020-11-20,681,681,681,50.22,50.22,50.22,"1,356","1,356","1,356"
NC,2020-11-21,"15,590","15,590","15,590",72.92,72.92,72.92,"21,381","21,381","21,381"
NE,2020-11-21,"3,330","3,328","3,331",70.08,69.91,70.25,"4,751","4,746","4,756"
NM,2020-11-21,"2,551","2,283","2,819",68.48,46.27,90.70,"3,725","3,411","4,039"
OH,2020-11-21,"19,962","19,892","20,032",68.66,68.66,68.66,"29,072","28,923","29,221"
OR,2020-11-21,"4,789","4,789","4,789",72.21,72.21,72.21,"6,632","6,632","6,632"
RI,2020-11-21,"1,730","1,730","1,730",87.02,87.02,87.02,"1,988","1,704","2,272"
SD,2020-11-21,"1,531","1,531","1,531",65.48,65.48,65.48,"2,338","2,338","2,338"
TX,2020-11-21,"47,942","47,679","48,205",74.17,73.75,74.60,"64,683","64,513","64,853"
VT,2020-11-21,629,417,841,52.59,-9.35,114.53,"1,196",883,"1,509"
WA,2020-11-21,"8,465","8,437","8,493",68.21,68.21,68.21,"12,441","12,441","12,441"
WI,2020-11-21,"8,144","8,142","8,147",66.30,66.21,66.39,"12,284","12,278","12,290"
WV,2020-11-21,"3,639","3,639","3,639",71.28,71.28,71.28,"5,105","5,105","5,105"
WY,2020-11-21,661,590,732,48.72,30.35,67.10,"1,356","1,253","1,459"
NC,2020-11-22,"15,158","15,158","15,158",71.21,71.21,71.21,"21,286","21,286","21,286"
NE,2020-11-22,"3,249","3,238","3,260",68.02,67.44,68.60,"4,777","4,773","4,781"
NM,2020-11-22,"2,505","2,237","2,773",67.23,49.74,84.72,"3,726","3,698","3,754"
OH,2020-11-22,"19,041","18,970","19,112",65.98,65.98,65.98,"28,858","28,709","29,007"
OR,2020-11-22,"4,643","4,643","4,643",70.56,70.56,70.56,"6,580","6,580","6,580"
RI,2020-11-22,"1,659","1,659","1,659",83.32,83.32,83.32,"1,991","1,707","2,275"
SD,2020-11-22,"1,448","1,443","1,454",61.80,61.80,61.80,"2,344","2,344","2,344"
TX,2020-11-22,"46,767","46,479","47,056",73.14,72.56,73.71,"63,986","63,832","64,139"
VT,2020-11-22,632,443,821,52.89,-2.33,108.11,"1,195",916,"1,474"
WA,2020-11-22,"8,067","8,041","8,093",65.57,65.57,65.57,"12,332","12,332","12,332"
WI,2020-11-22,"7,928","7,920","7,937",64.54,64.22,64.87,"12,284","12,263","12,305"
WV,2020-11-22,"3,595","3,595","3,595",71.53,71.53,71.53,"5,026","5,026","5,026"
WY,2020-11-22,631,558,704,46.53,27.10,65.97,"1,356","1,243","1,469"
NC,2020-11-23,"15,523","15,523","15,523",72.77,72.77,72.77,"21,332","21,332","21,332"
NE,2020-11-23,"3,274","3,274","3,275",68.79,68.79,68.79,"4,760","4,760","4,760"
NM,2020-11-23,"2,505","2,486","2,524",66.76,66.76,66.76,"3,752","3,726","3,778"
OH,2020-11-23,"19,280","19,210","19,350",66.72,66.72,66.72,"28,897","28,748","29,046"
OR,2020-11-23,"4,646","4,561","4,730",70.24,66.33,74.14,"6,614","6,517","6,711"
RI,2020-11-23,"1,696","1,406","1,985",87.99,43.50,132.47,"1,927","1,501","2,353"
SD,2020-11-23,"1,506","1,506","1,506",64.28,64.28,64.28,"2,343","2,343","2,343"
TX,2020-11-23,"47,759","47,487","48,031",73.68,73.21,74.16,"64,850","64,719","64,981"
VT,2020-11-23,628,481,775,52.51,9.50,95.52,"1,196",979,"1,413"
WA,2020-11-23,"8,043","8,017","8,069",66.21,66.21,66.21,"12,177","12,177","12,177"
WI,2020-11-23,"7,974","7,972","7,977",65.09,65.09,65.09,"12,251","12,251","12,251"
WV,2020-11-23,"3,565","3,565","3,565",70.29,70.29,70.29,"5,072","5,069","5,075"
WY,2020-11-23,616,605,627,45.45,40.89,50.01,"1,356","1,317","1,395"
NC,2020-11-24,"16,081","16,081","16,081",75.17,75.17,75.17,"21,393","21,393","21,393"
NE,2020-11-24,"3,313","3,308","3,319",69.81,69.81,69.81,"4,746","4,746","4,746"
NM,2020-11-24,"2,582","2,563","2,601",71.96,71.96,71.96,"3,588","3,562","3,614"
OH,2020-11-24,"20,199","20,129","20,269",69.98,69.98,69.98,"28,866","28,717","29,015"
OR,2020-11-24,"4,776","4,776","4,776",72.90,72.90,72.90,"6,551","6,551","6,551"
RI,2020-11-24,"1,783","1,783","1,783",90.37,90.37,90.37,"1,973","1,689","2,257"
SD,2020-11-24,"1,531","1,530","1,532",65.12,65.12,65.12,"2,351","2,351","2,351"
TX,2020-11-24,"46,972","46,701","47,244",74.70,74.20,75.19,"62,912","62,779","63,045"
VT,2020-11-24,659,659,659,55.10,55.10,55.10,"1,196","1,196","1,196"
WA,2020-11-24,"8,390","8,364","8,415",68.53,68.32,68.74,"12,272","12,261","12,283"
WI,2020-11-24,"8,257","8,251","8,263",67.39,67.39,67.39,"12,253","12,253","12,253"
WV,2020-11-24,"3,852","3,852","3,852",75.18,75.18,75.18,"5,124","5,124","5,124"
WY,2020-11-24,627,627,627,46.24,46.24,46.24,"1,356","1,356","1,356"
NC,2020-11-25,"15,815","15,815","15,815",73.72,73.72,73.72,"21,454","21,454","21,454"
NE,2020-11-25,"3,343","3,334","3,352",70.40,69.91,70.88,"4,749","4,745","4,753"
NM,2020-11-25,"2,684","2,666","2,703",72.30,72.03,72.57,"3,713","3,688","3,738"
OH,2020-11-25,"20,266","20,197","20,335",69.85,69.85,69.85,"29,013","28,866","29,160"
OR,2020-11-25,"4,934","4,934","4,934",74.84,74.84,74.84,"6,593","6,593","6,593"
RI,2020-11-25,"1,808","1,808","1,808",89.82,89.82,89.82,"2,013","1,729","2,297"
SD,2020-11-25,"1,552","1,546","1,557",66.33,66.33,66.33,"2,339","2,339","2,339"
TX,2020-11-25,"47,300","46,884","47,715",74.49,72.78,76.19,"63,530","63,081","63,979"
VT,2020-11-25,644,644,644,54.53,54.53,54.53,"1,181","1,181","1,181"
WA,2020-11-25,"8,368","8,339","8,398",68.19,67.76,68.61,"12,303","12,281","12,325"
WI,2020-11-25,"8,273","8,267","8,279",67.27,67.27,67.27,"12,298","12,298","12,298"
WV,2020-11-25,"3,859","3,859","3,859",75.50,75.50,75.50,"5,111","5,111","5,111"
WY,2020-11-25,632,632,632,46.61,46.61,46.61,"1,356","1,356","1,356"
NC,2020-11-26,"15,018","15,018","15,018",70.38,70.38,70.38,"21,339","21,339","21,339"
NE,2020-11-26,"3,146","3,142","3,150",66.92,66.53,67.31,"4,701","4,692","4,710"
NM,2020-11-26,"2,668","2,648","2,688",72.40,71.70,73.11,"3,685","3,657","3,713"
OH,2020-11-26,"18,924","18,857","18,991",65.34,65.34,65.34,"28,962","28,820","29,104"
OR,2020-11-26,"4,836","4,836","4,836",73.47,73.47,73.47,"6,582","6,582","6,582"
RI,2020-11-26,"1,749","1,749","1,749",85.28,85.28,85.28,"2,051","1,767","2,335"
SD,2020-11-26,"1,418","1,408","1,428",60.70,60.70,60.70,"2,336","2,336","2,336"
TX,2020-11-26,"44,413","44,159","44,668",70.84,70.59,71.08,"62,727","62,631","62,823"
VT,2020-11-26,605,605,605,51.53,51.53,51.53,"1,174","1,174","1,174"
WA,2020-11-26,"7,997","7,973","8,021",65.16,65.16,65.16,"12,302","12,302","12,302"
WI,2020-11-26,"7,882","7,877","7,887",64.14,64.14,64.14,"12,289","12,289","12,289"
WV,2020-11-26,"3,635","3,635","3,635",71.99,71.99,71.99,"5,049","5,049","5,049"
WY,2020-11-26,632,624,639,46.57,44.56,48.58,"1,356","1,345","1,367"
NC,2020-11-27,"14,715","14,715","14,715",69.15,69.15,69.15,"21,280","21,280","21,280"
NE,2020-11-27,"3,075","3,066","3,085",66.05,66.05,66.05,"4,656","4,656","4,656"
NM,2020-11-27,"2,650","2,585","2,715",71.82,67.80,75.83,"3,690","3,662","3,718"
OH,2020-11-27,"18,528","18,460","18,595",64.20,63.23,65.17,"28,861","28,721","29,001"
OR,2020-11-27,"4,542","4,542","4,542",69.06,69.06,69.06,"6,577","6,577","6,577"
RI,2020-11-27,"1,672","1,672","1,672",87.13,87.13,87.13,"1,919","1,635","2,203"
SD,2020-11-27,"1,450","1,441","1,458",61.81,61.81,61.81,"2,345","2,345","2,345"
TX,2020-11-27,"42,805","42,552","43,058",69.75,69.51,69.99,"61,399","61,296","61,502"
VT,2020-11-27,585,585,585,49.83,49.83,49.83,"1,174","1,174","1,174"
WA,2020-11-27,"7,752","7,728","7,776",63.71,63.71,63.71,"12,197","12,197","12,197"
WI,2020-11-27,"7,682","7,675","7,690",62.83,62.62,63.04,"12,227","12,216","12,238"
WV,2020-11-27,"3,435","3,435","3,435",68.32,68.32,68.32,"5,028","5,028","5,028"
WY,2020-11-27,601,591,611,44.30,41.20,47.40,"1,356","1,334","1,378"
NC,2020-11-28,"14,797","14,797","14,797",69.47,69.47,69.47,"21,300","21,300","21,300"
NE,2020-11-28,"3,016","3,004","3,027",64.90,64.20,65.61,"4,646","4,637","4,655"
NM,2020-11-28,"2,687","2,419","2,955",73.00,55.98,90.01,"3,682","3,653","3,710"
OH,2020-11-28,"18,870","18,807","18,934",65.09,64.17,66.01,"28,993","28,859","29,127"
OR,2020-11-28,"4,489","4,489","4,489",68.56,68.56,68.56,"6,548","6,548","6,548"
RI,2020-11-28,"1,681","1,681","1,681",86.56,86.56,86.56,"1,942","1,658","2,226"
SD,2020-11-28,"1,414","1,406","1,422",59.99,59.00,60.98,"2,357","2,349","2,365"
TX,2020-11-28,"42,775","42,396","43,154",69.91,68.43,71.40,"61,217","60,853","61,581"
VT,2020-11-28,582,582,582,49.79,49.79,49.79,"1,169","1,169","1,169"
WA,2020-11-28,"7,759","7,734","7,784",64.20,63.99,64.42,"12,115","12,104","12,126"
WI,2020-11-28,"7,769","7,765","7,773",62.91,62.91,62.91,"12,350","12,350","12,350"
WV,2020-11-28,"3,530","3,530","3,530",70.04,70.04,70.04,"5,040","5,040","5,040"
WY,2020-11-28,574,566,583,42.35,39.46,45.25,"1,356","1,334","1,378"
NC,2020-11-29,"14,940","14,940","14,940",70.14,70.14,70.14,"21,301","21,301","21,301"
NE,2020-11-29,"3,046","3,038","3,053",65.30,64.91,65.70,"4,664","4,661","4,666"
NM,2020-11-29,"2,707","2,688","2,726",73.34,72.68,74.00,"3,691","3,663","3,719"
OH,2020-11-29,"18,904","18,840","18,967",65.21,64.30,66.12,"28,990","28,858","29,121"
OR,2020-11-29,"4,524","4,524","4,524",69.46,69.46,69.46,"6,513","6,513","6,513"
RI,2020-11-29,"1,636","1,636","1,636",85.83,85.83,85.83,"1,906","1,622","2,190"
SD,2020-11-29,"1,420","1,414","1,426",60.04,59.20,60.89,"2,365","2,357","2,373"
TX,2020-11-29,"43,201","42,904","43,498",70.70,69.81,71.60,"61,126","60,904","61,349"
VT,2020-11-29,582,582,582,49.79,49.79,49.79,"1,169","1,169","1,169"
WA,2020-11-29,"7,836","7,755","7,916",64.43,60.58,68.28,"12,191","11,925","12,457"
WI,2020-11-29,"7,818","7,814","7,821",63.34,63.22,63.45,"12,343","12,336","12,350"
WV,2020-11-29,"3,638","3,638","3,638",72.48,72.48,72.48,"5,019","5,019","5,019"
WY,2020-11-29,612,612,612,45.13,45.13,45.13,"1,356","1,356","1,356"
NC,2020-11-30,"15,657","15,657","15,657",73.26,73.26,73.26,"21,372","21,372","21,372"
NE,2020-11-30,"3,146","3,145","3,148",67.12,66.93,67.30,"4,688","4,684","4,692"
NM,2020-11-30,"2,774","2,756","2,792",74.19,74.19,74.19,"3,739","3,714","3,764"
OH,2020-11-30,"19,575","19,513","19,637",67.63,66.74,68.52,"28,945","28,817","29,073"
OR,2020-11-30,"4,508","4,508","4,508",69.13,69.13,69.13,"6,521","6,521","6,521"
RI,2020-11-30,"1,673","1,673","1,673",87.96,87.96,87.96,"1,902","1,643","2,161"
SD,2020-11-30,"1,438","1,438","1,438",61.35,61.35,61.35,"2,344","2,344","2,344"
TX,2020-11-30,"44,634","44,379","44,888",72.09,71.05,73.13,"61,914","61,768","62,060"
VT,2020-11-30,596,596,596,50.98,50.98,50.98,"1,169","1,169","1,169"
WA,2020-11-30,"7,948","7,924","7,972",65.31,65.31,65.31,"12,199","12,199","12,199"
WI,2020-11-30,"7,968","7,952","7,983",64.60,64.60,64.60,"12,334","12,334","12,334"
WV,2020-11-30,"3,750","3,750","3,750",73.94,73.94,73.94,"5,072","5,072","5,072"
WY,2020-11-30,620,620,620,45.72,45.72,45.72,"1,356","1,356","1,356"
NC,2020-12-01,"16,250","16,250","16,250",75.86,75.86,75.86,"21,422","21,422","21,422"
NE,2020-12-01,"3,280","3,279","3,280",69.78,69.64,69.91,"4,700","4,696","4,704"
NM,2020-12-01,"2,833","2,813","2,853",76.29,76.29,76.29,"3,714","3,690","3,738"
OH,2020-12-01,"20,785","20,727","20,843",70.77,69.94,71.60,"29,370","29,250","29,490"
OR,2020-12-01,"4,791","4,791","4,791",73.04,73.04,73.04,"6,559","6,559","6,559"
RI,2020-12-01,"1,735","1,735","1,735",87.94,87.94,87.94,"1,973","1,714","2,232"
SD,2020-12-01,"1,543","1,543","1,543",65.55,65.55,65.55,"2,354","2,354","2,354"
TX,2020-12-01,"47,180","46,955","47,406",74.61,73.70,75.51,"63,240","63,077","63,403"
VT,2020-12-01,695,695,695,59.45,59.45,59.45,"1,169","1,169","1,169"
WA,2020-12-01,"8,313","8,289","8,337",67.36,67.36,67.36,"12,371","12,371","12,371"
WI,2020-12-01,"8,274","8,265","8,282",67.18,67.18,67.18,"12,316","12,316","12,316"
WV,2020-12-01,"3,916","3,916","3,916",77.21,77.21,77.21,"5,072","5,072","5,072"
WY,2020-12-01,640,635,644,47.02,44.05,49.99,"1,360","1,332","1,388"
NC,2020-12-02,"16,693","16,693","16,693",77.42,77.42,77.42,"21,563","21,563","21,563"
NE,2020-12-02,"3,401","3,401","3,401",71.71,71.71,71.71,"4,743","4,743","4,743"
NM,2020-12-02,"2,868","2,847","2,890",76.41,74.72,78.11,"3,754","3,730","3,778"
OH,2020-12-02,"21,083","21,033","21,133",72.08,71.35,72.82,"29,248","29,142","29,354"
OR,2020-12-02,"4,881","4,881","4,881",74.24,74.24,74.24,"6,575","6,575","6,575"
RI,2020-12-02,"1,775","1,775","1,775",87.83,87.83,87.83,"2,021","1,772","2,270"
SD,2020-12-02,"1,575","1,575","1,575",66.46,66.46,66.46,"2,370","2,370","2,370"
TX,2020-12-02,"48,583","48,228","48,938",75.75,74.13,77.38,"64,132","63,750","64,515"
VT,2020-12-02,719,719,719,61.51,61.51,61.51,"1,169","1,169","1,169"
WA,2020-12-02,"8,544","8,521","8,567",69.03,69.03,69.03,"12,408","12,408","12,408"
WI,2020-12-02,"8,437","8,429","8,445",68.37,68.37,68.37,"12,341","12,341","12,341"
WV,2020-12-02,"3,984","3,984","3,984",78.41,78.41,78.41,"5,081","5,081","5,081"
WY,2020-12-02,652,650,654,47.94,47.94,47.94,"1,360","1,360","1,360"
NC,2020-12-03,"16,652","16,652","16,652",77.65,77.65,77.65,"21,444","21,444","21,444"
NE,2020-12-03,"3,392","3,392","3,392",71.19,71.19,71.19,"4,765","4,765","4,765"
NM,2020-12-03,"2,938","2,919","2,957",78.05,76.48,79.62,"3,764","3,741","3,787"
OH,2020-12-03,"20,966","20,927","21,005",71.67,71.10,72.24,"29,254","29,172","29,336"
OR,2020-12-03,"4,840","4,840","4,840",73.57,73.57,73.57,"6,579","6,579","6,579"
RI,2020-12-03,"1,813","1,813","1,813",91.24,91.24,91.24,"1,987","1,738","2,236"
SD,2020-12-03,"1,496","1,496","1,496",63.23,63.23,63.23,"2,366","2,366","2,366"
TX,2020-12-03,"48,928","48,711","49,146",76.16,75.27,77.06,"64,243","64,062","64,424"
VT,2020-12-03,725,725,725,61.81,61.81,61.81,"1,173","1,173","1,173"
WA,2020-12-03,"8,726","8,704","8,748",68.20,68.20,68.20,"12,794","12,794","12,794"
WI,2020-12-03,"8,510","8,504","8,516",68.88,68.88,68.88,"12,354","12,354","12,354"
WV,2020-12-03,"3,959","3,959","3,959",77.66,77.66,77.66,"5,098","5,098","5,098"
WY,2020-12-03,647,647,647,47.57,47.57,47.57,"1,360","1,360","1,360"
NC,2020-12-04,"16,529","16,529","16,529",77.61,77.61,77.61,"21,297","21,297","21,297"
NE,2020-12-04,"3,307","3,299","3,315",69.99,69.99,69.99,"4,725","4,725","4,725"
NM,2020-12-04,"2,887","2,868","2,906",76.44,74.91,77.97,"3,777","3,755","3,799"
OH,2020-12-04,"20,940","20,924","20,956",71.48,71.21,71.75,"29,295","29,254","29,336"
OR,2020-12-04,"4,807","4,807","4,807",73.28,73.28,73.28,"6,560","6,560","6,560"
RI,2020-12-04,"1,741","1,741","1,741",86.75,86.75,86.75,"2,007","1,767","2,247"
SD,2020-12-04,"1,474","1,474","1,474",62.17,62.17,62.17,"2,371","2,371","2,371"
TX,2020-12-04,"48,740","48,518","48,963",75.51,74.63,76.39,"64,562","64,397","64,728"
VT,2020-12-04,719,719,719,61.30,61.30,61.30,"1,173","1,173","1,173"
WA,2020-12-04,"8,624","8,603","8,645",67.72,67.72,67.72,"12,735","12,735","12,735"
WI,2020-12-04,"8,462","8,462","8,462",68.34,68.34,68.34,"12,382","12,382","12,382"
WV,2020-12-04,"3,935","3,935","3,935",77.45,77.45,77.45,"5,081","5,081","5,081"
WY,2020-12-04,660,648,672,48.53,43.25,53.81,"1,360","1,314","1,406"
NC,2020-12-05,"16,043","16,043","16,043",75.61,75.61,75.61,"21,219","21,219","21,219"
NE,2020-12-05,"3,202","3,192","3,212",68.13,68.13,68.13,"4,700","4,700","4,700"
NM,2020-12-05,"2,611","2,592","2,631",72.98,71.21,74.76,"3,578","3,552","3,604"
OH,2020-12-05,"20,362","20,362","20,362",69.75,69.75,69.75,"29,191","29,191","29,191"
OR,2020-12-05,"4,718","4,718","4,718",73.68,73.68,73.68,"6,403","6,403","6,403"
RI,2020-12-05,"1,680","1,680","1,680",83.29,83.29,83.29,"2,017","1,777","2,257"
SD,2020-12-05,"1,420","1,420","1,420",59.97,59.97,59.97,"2,368","2,368","2,368"
TX,2020-12-05,"46,943","46,686","47,199",74.15,73.02,75.28,"63,320","63,076","63,564"
VT,2020-12-05,653,653,653,55.67,55.67,55.67,"1,173","1,173","1,173"
WA,2020-12-05,"8,371","8,350","8,392",66.22,66.22,66.22,"12,641","12,641","12,641"
WI,2020-12-05,"8,158","8,152","8,164",65.89,65.89,65.89,"12,381","12,381","12,381"
WV,2020-12-05,"3,805","3,805","3,805",75.39,75.39,75.39,"5,047","5,047","5,047"
WY,2020-12-05,636,564,708,46.11,28.16,64.06,"1,379","1,287","1,472"
NC,2020-12-06,"15,712","15,712","15,712",73.91,73.91,73.91,"21,257","21,257","21,257"
NE,2020-12-06,"3,046","3,033","3,059",65.20,64.42,65.98,"4,672","4,662","4,682"
NM,2020-12-06,"2,777","2,757","2,797",73.68,71.93,75.43,"3,769","3,742","3,796"
OH,2020-12-06,"19,933","19,926","19,940",67.98,67.98,67.98,"29,324","29,324","29,324"
OR,2020-12-06,"4,595","4,595","4,595",72.39,72.39,72.39,"6,348","6,348","6,348"
RI,2020-12-06,"1,726","1,726","1,726",84.20,84.20,84.20,"2,050","1,810","2,290"
SD,2020-12-06,"1,393","1,387","1,399",59.15,59.15,59.15,"2,355","2,355","2,355"
TX,2020-12-06,"45,434","45,257","45,610",72.79,72.11,73.48,"62,427","62,328","62,527"
VT,2020-12-06,626,626,626,53.37,53.37,53.37,"1,173","1,173","1,173"
WA,2020-12-06,"8,209","8,189","8,229",65.51,65.51,65.51,"12,530","12,530","12,530"
WI,2020-12-06,"7,795","7,791","7,799",62.92,62.81,63.02,"12,389","12,384","12,394"
WV,2020-12-06,"3,644","3,644","3,644",71.99,71.99,71.99,"5,062","5,062","5,062"
WY,2020-12-06,614,541,687,43.90,25.76,62.04,"1,399","1,303","1,494"
NC,2020-12-07,"16,129","16,129","16,129",75.48,75.48,75.48,"21,368","21,368","21,368"
NE,2020-12-07,"3,190","3,180","3,200",67.80,67.80,67.80,"4,705","4,705","4,705"
NM,2020-12-07,"2,856","2,839","2,872",75.47,74.07,76.86,"3,784","3,763","3,805"
OH,2020-12-07,"19,996","19,996","19,996",68.24,68.24,68.24,"29,301","29,301","29,301"
OR,2020-12-07,"4,592","4,592","4,592",72.53,72.53,72.53,"6,331","6,331","6,331"
RI,2020-12-07,"1,736","1,736","1,736",87.68,87.68,87.68,"1,980","1,740","2,220"
SD,2020-12-07,"1,437","1,437","1,437",61.15,61.15,61.15,"2,350","2,350","2,350"
TX,2020-12-07,"45,818","45,708","45,928",73.15,72.69,73.60,"62,649","62,572","62,725"
VT,2020-12-07,623,623,623,53.07,53.07,53.07,"1,174","1,174","1,174"
WA,2020-12-07,"8,188","8,168","8,207",65.35,64.97,65.72,"12,530","12,527","12,532"
WI,2020-12-07,"7,914","7,914","7,914",64.20,64.20,64.20,"12,328","12,328","12,328"
WV,2020-12-07,"3,661","3,661","3,661",72.34,72.34,72.34,"5,061","5,061","5,061"
WY,2020-12-07,613,613,613,43.20,43.20,43.20,"1,419","1,419","1,419"
NC,2020-12-08,"16,632","16,632","16,632",77.65,77.65,77.65,"21,419","21,419","21,419"
NE,2020-12-08,"3,370","3,363","3,378",70.73,70.33,71.14,"4,765","4,761","4,769"
NM,2020-12-08,"2,655","2,645","2,665",74.27,73.32,75.21,"3,575","3,561","3,589"
OH,2020-12-08,"21,010","20,994","21,025",71.02,70.86,71.19,"29,581","29,562","29,600"
OR,2020-12-08,"4,769","4,769","4,769",74.73,74.73,74.73,"6,382","6,382","6,382"
RI,2020-12-08,"1,782","1,782","1,782",86.84,86.84,86.84,"2,052","1,812","2,292"
SD,2020-12-08,"1,547","1,547","1,547",65.38,65.38,65.38,"2,366","2,366","2,366"
TX,2020-12-08,"47,774","47,596","47,952",75.71,74.93,76.50,"63,106","62,941","63,272"
VT,2020-12-08,658,658,658,56.14,56.14,56.14,"1,172","1,172","1,172"
WA,2020-12-08,"8,489","8,472","8,506",67.90,67.90,67.90,"12,502","12,502","12,502"
WI,2020-12-08,"8,253","8,247","8,259",66.76,66.76,66.76,"12,363","12,363","12,363"
WV,2020-12-08,"3,773","3,773","3,773",74.57,74.57,74.57,"5,060","5,060","5,060"
WY,2020-12-08,674,602,746,47.50,30.12,64.87,"1,419","1,326","1,512"
NC,2020-12-09,"16,884","16,884","16,884",78.33,78.33,78.33,"21,555","21,555","21,555"
NE,2020-12-09,"3,398","3,398","3,398",71.34,71.34,71.34,"4,763","4,763","4,763"
NM,2020-12-09,"2,736","2,736","2,736",75.54,75.54,75.54,"3,622","3,622","3,622"
OH,2020-12-09,"21,214","21,199","21,230",71.67,71.50,71.83,"29,601","29,582","29,620"
OR,2020-12-09,"4,879","4,879","4,879",75.32,75.32,75.32,"6,478","6,478","6,478"
RI,2020-12-09,"1,800","1,800","1,800",84.79,84.79,84.79,"2,123","1,886","2,360"
SD,2020-12-09,"1,531","1,531","1,531",64.98,64.98,64.98,"2,356","2,356","2,356"
TX,2020-12-09,"48,672","48,271","49,072",77.49,75.72,79.26,"62,817","62,454","63,181"
VT,2020-12-09,680,680,680,57.92,57.92,57.92,"1,174","1,174","1,174"
WA,2020-12-09,"8,646","8,633","8,659",68.85,68.85,68.85,"12,557","12,557","12,557"
WI,2020-12-09,"8,330","8,323","8,337",67.19,67.19,67.19,"12,397","12,397","12,397"
WV,2020-12-09,"3,949","3,949","3,949",77.80,77.80,77.80,"5,076","5,076","5,076"
WY,2020-12-09,699,699,699,49.26,49.26,49.26,"1,419","1,419","1,419"
NC,2020-12-10,"16,841","16,841","16,841",78.36,78.36,78.36,"21,492","21,492","21,492"
NE,2020-12-10,"3,336","3,335","3,337",69.82,69.68,69.96,"4,778","4,774","4,782"
NM,2020-12-10,"2,895","2,881","2,909",75.83,75.83,75.83,"3,818","3,818","3,818"
OH,2020-12-10,"21,263","21,263","21,263",71.70,71.70,71.70,"29,657","29,657","29,657"
OR,2020-12-10,"4,899","4,899","4,899",75.01,75.01,75.01,"6,531","6,531","6,531"
RI,2020-12-10,"1,744","1,744","1,744",84.76,84.76,84.76,"2,058","1,822","2,293"
SD,2020-12-10,"1,546","1,546","1,546",65.43,65.43,65.43,"2,363","2,363","2,363"
TX,2020-12-10,"49,207","48,942","49,472",77.35,76.31,78.38,"63,624","63,469","63,778"
VT,2020-12-10,700,700,700,59.68,59.68,59.68,"1,173","1,173","1,173"
WA,2020-12-10,"8,621","8,621","8,621",68.52,68.52,68.52,"12,581","12,581","12,581"
WI,2020-12-10,"8,249","8,243","8,255",66.64,66.64,66.64,"12,378","12,378","12,378"
WV,2020-12-10,"3,896","3,896","3,896",77.64,77.64,77.64,"5,018","5,018","5,018"
WY,2020-12-10,684,679,689,48.20,46.21,50.20,"1,419","1,401","1,437"
NC,2020-12-11,"16,654","16,649","16,659",77.36,77.27,77.44,"21,529","21,521","21,537"
NE,2020-12-11,"3,314","3,313","3,316",69.52,69.34,69.69,"4,768","4,763","4,773"
NM,2020-12-11,"2,878","2,868","2,888",75.39,75.39,75.39,"3,817","3,817","3,817"
OH,2020-12-11,"21,020","21,019","21,022",70.02,70.02,70.02,"30,022","30,022","30,022"
OR,2020-12-11,"4,835","4,835","4,835",75.21,75.21,75.21,"6,429","6,429","6,429"
RI,2020-12-11,"1,776","1,776","1,776",87.36,87.36,87.36,"2,335","2,113","2,557"
SD,2020-12-11,"1,438","1,438","1,438",60.91,60.91,60.91,"2,361","2,361","2,361"
TX,2020-12-11,"49,640","49,342","49,937",77.63,76.48,78.78,"63,946","63,783","64,110"
VT,2020-12-11,697,697,697,59.42,59.42,59.42,"1,173","1,173","1,173"
WA,2020-12-11,"8,473","8,473","8,473",67.71,67.71,67.71,"12,513","12,513","12,513"
WI,2020-12-11,"8,235","8,235","8,235",66.70,66.70,66.70,"12,346","12,346","12,346"
WV,2020-12-11,"3,938","3,938","3,938",78.20,78.20,78.20,"5,036","5,036","5,036"
WY,2020-12-11,694,692,697,48.87,48.07,49.67,"1,421","1,414","1,428"
NC,2020-12-12,"16,195","16,182","16,208",75.74,75.55,75.93,"21,382","21,366","21,398"
NE,2020-12-12,"3,206","3,162","3,249",66.53,64.32,68.74,"4,818","4,813","4,823"
NM,2020-12-12,"2,738","2,738","2,738",71.62,71.62,71.62,"3,823","3,823","3,823"
OH,2020-12-12,"20,224","20,224","20,224",67.58,67.58,67.58,"29,924","29,924","29,924"
OR,2020-12-12,"4,772","4,772","4,772",74.93,74.93,74.93,"6,369","6,369","6,369"
RI,2020-12-12,"1,731","1,731","1,731",84.36,84.36,84.36,"2,354","2,139","2,569"
SD,2020-12-12,"1,400","1,398","1,402",58.90,58.90,58.90,"2,377","2,377","2,377"
TX,2020-12-12,"48,317","47,951","48,684",76.55,74.95,78.15,"63,120","62,797","63,444"
VT,2020-12-12,695,695,695,59.15,59.15,59.15,"1,175","1,175","1,175"
WA,2020-12-12,"8,342","8,342","8,342",66.61,66.61,66.61,"12,524","12,524","12,524"
WI,2020-12-12,"7,956","7,951","7,961",64.56,64.56,64.56,"12,324","12,324","12,324"
WV,2020-12-12,"3,868","3,868","3,868",76.44,76.44,76.44,"5,060","5,060","5,060"
WY,2020-12-12,634,564,704,44.62,27.10,62.13,"1,421","1,322","1,520"
NC,2020-12-13,"15,929","15,925","15,933",74.37,74.29,74.45,"21,419","21,411","21,427"
NE,2020-12-13,"3,005","2,999","3,011",63.26,62.92,63.61,"4,750","4,746","4,754"
NM,2020-12-13,"2,734","2,467","3,002",81.94,81.94,81.94,"3,337","3,337","3,337"
OH,2020-12-13,"19,894","19,882","19,907",67.45,67.45,67.45,"29,493","29,493","29,493"
OR,2020-12-13,"4,578","4,578","4,578",70.65,70.65,70.65,"6,480","6,480","6,480"
RI,2020-12-13,"1,665","1,665","1,665",81.58,81.58,81.58,"2,343","2,132","2,554"
SD,2020-12-13,"1,348","1,340","1,355",56.90,56.90,56.90,"2,368","2,368","2,368"
TX,2020-12-13,"46,385","46,095","46,675",74.53,73.40,75.66,"62,235","62,112","62,359"
VT,2020-12-13,685,685,685,58.30,58.30,58.30,"1,175","1,175","1,175"
WA,2020-12-13,"8,155","8,155","8,155",65.62,65.62,65.62,"12,427","12,427","12,427"
WI,2020-12-13,"7,725","7,720","7,730",62.50,62.50,62.50,"12,360","12,360","12,360"
WV,2020-12-13,"3,762","3,762","3,762",74.39,74.39,74.39,"5,057","5,057","5,057"
WY,2020-12-13,616,544,688,43.38,25.63,61.13,"1,420","1,327","1,513"
NC,2020-12-14,"16,233","16,189","16,277",75.70,75.04,76.35,"21,445","21,388","21,502"
NE,2020-12-14,"3,134","3,132","3,135",65.40,65.40,65.40,"4,791","4,791","4,791"
NM,2020-12-14,"2,798","2,531","3,065",77.25,77.25,77.25,"3,622","3,622","3,622"
OH,2020-12-14,"20,165","20,165","20,165",67.64,67.64,67.64,"29,814","29,814","29,814"
OR,2020-12-14,"4,572","4,572","4,572",71.80,71.80,71.80,"6,368","6,368","6,368"
RI,2020-12-14,"1,740","1,740","1,740",85.71,85.71,85.71,"2,332","2,129","2,535"
SD,2020-12-14,"1,387","1,387","1,387",59.07,59.07,59.07,"2,348","2,348","2,348"
TX,2020-12-14,"46,421","46,099","46,744",74.41,73.07,75.76,"62,382","62,161","62,603"
VT,2020-12-14,677,677,677,57.62,57.62,57.62,"1,175","1,175","1,175"
WA,2020-12-14,"8,103","8,103","8,103",65.30,65.30,65.30,"12,409","12,409","12,409"
WI,2020-12-14,"7,834","7,779","7,889",63.53,62.04,65.02,"12,331","12,255","12,407"
WV,2020-12-14,"3,760","3,759","3,762",74.78,74.78,74.78,"5,029","5,029","5,029"
WY,2020-12-14,606,603,609,42.68,41.90,43.45,"1,420","1,415","1,425"
NC,2020-12-15,"16,864","16,808","16,920",79.00,78.15,79.84,"21,348","21,275","21,421"
NE,2020-12-15,"3,274","3,231","3,317",68.42,65.94,70.90,"4,785","4,750","4,820"
NM,2020-12-15,"2,840","2,829","2,851",74.20,74.20,74.20,"3,827","3,827","3,827"
OH,2020-12-15,"21,224","21,208","21,240",73.52,73.35,73.68,"28,870","28,851","28,889"
OR,2020-12-15,"4,732","4,732","4,732",73.91,73.91,73.91,"6,402","6,402","6,402"
RI,2020-12-15,"1,778","1,778","1,778",86.86,86.86,86.86,"2,349","2,158","2,540"
SD,2020-12-15,"1,432","1,432","1,432",60.94,60.94,60.94,"2,350","2,350","2,350"
TX,2020-12-15,"48,420","48,171","48,670",76.04,75.01,77.07,"63,678","63,491","63,864"
VT,2020-12-15,738,738,738,62.81,62.81,62.81,"1,175","1,175","1,175"
WA,2020-12-15,"8,477","8,477","8,477",68.21,68.21,68.21,"12,428","12,428","12,428"
WI,2020-12-15,"8,194","8,123","8,265",66.42,64.50,68.33,"12,337","12,240","12,434"
WV,2020-12-15,"3,844","3,844","3,844",76.21,76.21,76.21,"5,044","5,044","5,044"
WY,2020-12-15,652,648,656,45.85,44.75,46.95,"1,422","1,414","1,430"
NC,2020-12-16,"17,027","16,964","17,090",79.50,78.55,80.45,"21,418","21,336","21,500"
NE,2020-12-16,"3,362","3,341","3,383",69.66,68.08,71.25,"4,826","4,791","4,861"
NM,2020-12-16,"2,946","2,918","2,973",77.11,74.85,79.37,"3,820","3,786","3,854"
OH,2020-12-16,"21,237","21,236","21,238",73.20,73.17,73.24,"29,011","29,005","29,017"
OR,2020-12-16,"4,944","4,944","4,944",74.29,74.29,74.29,"6,655","6,655","6,655"
RI,2020-12-16,"1,822","1,822","1,822",88.19,88.19,88.19,"2,368","2,198","2,538"
SD,2020-12-16,"1,508","1,508","1,508",64.06,64.06,64.06,"2,354","2,354","2,354"
TX,2020-12-16,"49,333","48,978","49,689",76.76,75.22,78.29,"64,273","63,951","64,595"
VT,2020-12-16,732,732,732,62.30,62.30,62.30,"1,175","1,175","1,175"
WA,2020-12-16,"8,699","8,693","8,705",69.70,69.55,69.85,"12,481","12,473","12,489"
WI,2020-12-16,"8,377","8,295","8,459",68.39,66.18,70.61,"12,248","12,136","12,360"
WV,2020-12-16,"3,895","3,895","3,895",77.28,77.28,77.28,"5,040","5,040","5,040"
WY,2020-12-16,672,666,679,47.29,45.52,49.07,"1,422","1,409","1,435"
NC,2020-12-17,"17,003","16,934","17,072",79.13,78.09,80.17,"21,488","21,398","21,578"
NE,2020-12-17,"3,324","3,324","3,324",69.11,69.11,69.11,"4,810","4,810","4,810"
NM,2020-12-17,"2,892","2,881","2,903",75.65,74.97,76.32,"3,823","3,820","3,826"
OH,2020-12-17,"20,833","20,794","20,872",71.02,70.45,71.59,"29,333","29,251","29,415"
OR,2020-12-17,"4,957","4,915","4,999",74.70,72.68,76.71,"6,636","6,583","6,689"
RI,2020-12-17,"1,792","1,792","1,792",87.67,87.67,87.67,"2,346","2,214","2,478"
SD,2020-12-17,"1,469","1,467","1,471",62.46,62.46,62.46,"2,352","2,352","2,352"
TX,2020-12-17,"49,653","49,549","49,756",76.37,75.97,76.76,"65,019","64,961","65,077"
VT,2020-12-17,695,695,695,59.15,59.15,59.15,"1,175","1,175","1,175"
WA,2020-12-17,"8,816","8,809","8,823",69.92,69.73,70.12,"12,608","12,598","12,618"
WI,2020-12-17,"8,300","8,214","8,385",66.40,64.14,68.65,"12,500","12,384","12,616"
WV,2020-12-17,"3,953","3,953","3,953",78.51,78.51,78.51,"5,035","5,035","5,035"
WY,2020-12-17,652,648,656,45.85,44.78,46.92,"1,422","1,415","1,429"
NC,2020-12-18,"16,564","15,521","17,607",79.55,63.79,95.31,"20,822","19,531","22,113"
NE,2020-12-18,"3,326","3,066","3,586",67.74,50.34,85.14,"4,910","4,561","5,259"
NM,2020-12-18,"2,858","2,854","2,862",74.64,74.33,74.95,"3,829","3,825","3,833"
OH,2020-12-18,"20,827","20,777","20,877",72.03,71.29,72.77,"28,915","28,809","29,021"
OR,2020-12-18,"4,935","4,935","4,935",74.40,74.40,74.40,"6,633","6,633","6,633"
RI,2020-12-18,"1,849","1,849","1,849",88.13,88.13,88.13,"2,400","2,400","2,400"
SD,2020-12-18,"1,455","1,445","1,465",61.73,59.52,63.94,"2,357","2,328","2,386"
TX,2020-12-18,"45,843","44,752","46,934",75.69,70.10,81.27,"60,568","59,263","61,873"
VT,2020-12-18,699,699,699,59.49,59.49,59.49,"1,175","1,175","1,175"
WA,2020-12-18,"8,910","8,700","9,120",70.43,62.97,77.90,"12,650","12,173","13,127"
WI,2020-12-18,"8,171","8,083","8,259",65.40,63.05,67.75,"12,494","12,373","12,615"
WV,2020-12-18,"3,875","3,875","3,875",77.27,77.27,77.27,"5,015","5,015","5,015"
WY,2020-12-18,655,640,670,46.06,41.78,50.34,"1,422","1,390","1,454"
